soft_data.dat  [! GSX1 CG=100*100*1
1
Data
0.363636
0.363636
0.370629
0.383117
0.393939
0.403409
0.417112
0.429293
0.440191
0.45
0.463203
0.47619
0.489177
0.506494
0.52381
0.545455
0.575758
0.606061
0.636364
0.666667
0.688312
0.705628
0.714286
0.709957
0.69697
0.683983
0.670996
0.658009
0.649351
0.645022
0.645022
0.640693
0.640693
0.645022
0.645022
0.649351
0.645022
0.636364
0.623377
0.61039
0.601732
0.601732
0.606061
0.614719
0.632035
0.65368
0.675325
0.69697
0.714286
0.727273
0.735931
0.735931
0.735931
0.727273
0.714286
0.705628
0.69697
0.692641
0.692641
0.69697
0.705628
0.714286
0.718615
0.718615
0.714286
0.705628
0.69697
0.683983
0.670996
0.65368
0.632035
0.61039
0.593074
0.571429
0.549784
0.528139
0.497835
0.463203
0.428571
0.38961
0.350649
0.311688
0.272727
0.233766
0.199134
0.168831
0.142857
0.116883
0.0952381
0.0735931
0.0590909
0.0478469
0.0353535
0.0213904
0.0113636
0.00606061
0
0
0
0
0.393939
0.395833
0.403846
0.416667
0.427778
0.4375
0.45098
0.462963
0.473684
0.483333
0.496032
0.511905
0.527778
0.547619
0.563492
0.583333
0.607143
0.630952
0.654762
0.678571
0.694444
0.706349
0.710317
0.702381
0.686508
0.670635
0.654762
0.638889
0.626984
0.619048
0.615079
0.607143
0.603175
0.603175
0.599206
0.599206
0.59127
0.583333
0.571429
0.559524
0.551587
0.551587
0.555556
0.56746
0.587302
0.611111
0.634921
0.65873
0.678571
0.690476
0.698413
0.698413
0.698413
0.690476
0.678571
0.670635
0.662698
0.65873
0.65873
0.662698
0.670635
0.678571
0.68254
0.68254
0.674603
0.662698
0.650794
0.634921
0.619048
0.599206
0.579365
0.559524
0.543651
0.52381
0.503968
0.484127
0.456349
0.424603
0.392857
0.357143
0.321429
0.285714
0.25
0.214286
0.18254
0.154762
0.130952
0.107143
0.0873016
0.0674603
0.0541667
0.0438596
0.0324074
0.0196078
0.0104167
0.00555556
0
0
0
0
0.426573
0.429487
0.43787
0.450549
0.461538
0.471154
0.484163
0.495726
0.506073
0.515385
0.527473
0.545788
0.564103
0.578755
0.589744
0.604396
0.622711
0.641026
0.659341
0.677656
0.688645
0.695971
0.695971
0.684982
0.666667
0.648352
0.630037
0.611722
0.59707
0.586081
0.578755
0.567766
0.56044
0.556777
0.553114
0.553114
0.545788
0.538462
0.527473
0.516484
0.509158
0.509158
0.512821
0.52381
0.542125
0.564103
0.586081
0.608059
0.626374
0.637363
0.644689
0.644689
0.644689
0.637363
0.626374
0.619048
0.611722
0.608059
0.608059
0.611722
0.619048
0.626374
0.630037
0.630037
0.622711
0.611722
0.600733
0.586081
0.571429
0.553114
0.534799
0.516484
0.501832
0.483516
0.465201
0.446886
0.421245
0.391941
0.362637
0.32967
0.296703
0.263736
0.230769
0.197802
0.168498
0.142857
0.120879
0.0989011
0.0805861
0.0622711
0.05
0.0404858
0.0299145
0.0180995
0.00961538
0.00512821
0
0
0
0
0.467532
0.470238
0.478022
0.489796
0.5
0.508929
0.521008
0.531746
0.541353
0.55
0.561224
0.578231
0.591837
0.602041
0.608844
0.619048
0.632653
0.646259
0.659864
0.673469
0.680272
0.683673
0.680272
0.666667
0.646259
0.62585
0.605442
0.585034
0.568027
0.554422
0.544218
0.530612
0.520408
0.517007
0.513605
0.513605
0.506803
0.5
0.489796
0.479592
0.472789
0.472789
0.47619
0.486395
0.503401
0.52381
0.544218
0.564626
0.581633
0.591837
0.598639
0.598639
0.598639
0.591837
0.581633
0.57483
0.568027
0.564626
0.564626
0.568027
0.57483
0.581633
0.585034
0.585034
0.578231
0.568027
0.557823
0.544218
0.530612
0.513605
0.496599
0.479592
0.465986
0.44898
0.431973
0.414966
0.391156
0.363946
0.336735
0.306122
0.27551
0.244898
0.214286
0.183673
0.156463
0.132653
0.112245
0.0918367
0.0748299
0.0578231
0.0464286
0.037594
0.0277778
0.0168067
0.00892857
0.0047619
0
0
0
0
0.50303
0.505556
0.512821
0.52381
0.533333
0.541667
0.552941
0.562963
0.57193
0.576667
0.584127
0.596825
0.606349
0.612698
0.615873
0.622222
0.631746
0.64127
0.650794
0.660317
0.663492
0.663492
0.657143
0.64127
0.619048
0.596825
0.574603
0.552381
0.533333
0.51746
0.507937
0.495238
0.485714
0.48254
0.479365
0.479365
0.473016
0.466667
0.457143
0.447619
0.44127
0.44127
0.444444
0.453968
0.469841
0.488889
0.507937
0.526984
0.542857
0.552381
0.55873
0.55873
0.55873
0.552381
0.542857
0.536508
0.530159
0.526984
0.526984
0.530159
0.536508
0.542857
0.546032
0.546032
0.539683
0.530159
0.520635
0.507937
0.495238
0.479365
0.463492
0.447619
0.434921
0.419048
0.403175
0.387302
0.365079
0.339683
0.314286
0.285714
0.257143
0.228571
0.2
0.171429
0.146032
0.12381
0.104762
0.0857143
0.0698413
0.0539683
0.0433333
0.0350877
0.0259259
0.0156863
0.00833333
0.00444444
0
0
0
0
0.534091
0.536458
0.543269
0.553571
0.5625
0.566406
0.573529
0.579861
0.585526
0.5875
0.592262
0.60119
0.607143
0.610119
0.610119
0.613095
0.619048
0.625
0.630952
0.636905
0.636905
0.633929
0.625
0.607143
0.583333
0.559524
0.53869
0.517857
0.5
0.485119
0.47619
0.464286
0.455357
0.452381
0.449405
0.449405
0.443452
0.4375
0.428571
0.419643
0.41369
0.41369
0.416667
0.425595
0.440476
0.458333
0.47619
0.494048
0.508929
0.517857
0.52381
0.52381
0.52381
0.517857
0.508929
0.502976
0.497024
0.494048
0.494048
0.497024
0.502976
0.508929
0.511905
0.511905
0.505952
0.497024
0.488095
0.47619
0.464286
0.449405
0.434524
0.419643
0.407738
0.392857
0.377976
0.363095
0.342262
0.318452
0.294643
0.267857
0.241071
0.214286
0.1875
0.160714
0.136905
0.116071
0.0982143
0.0803571
0.0654762
0.0505952
0.040625
0.0328947
0.0243056
0.0147059
0.0078125
0.00416667
0
0
0
0
0.561497
0.563725
0.570136
0.57563
0.580392
0.580882
0.584775
0.588235
0.591331
0.591176
0.593838
0.59944
0.602241
0.602241
0.59944
0.59944
0.602241
0.605042
0.607843
0.610644
0.607843
0.602241
0.591036
0.571429
0.54902
0.526611
0.507003
0.487395
0.470588
0.456583
0.448179
0.436975
0.428571
0.42577
0.422969
0.422969
0.417367
0.411765
0.403361
0.394958
0.389356
0.389356
0.392157
0.40056
0.414566
0.431373
0.448179
0.464986
0.478992
0.487395
0.492997
0.492997
0.492997
0.487395
0.478992
0.473389
0.467787
0.464986
0.464986
0.467787
0.473389
0.478992
0.481793
0.481793
0.47619
0.467787
0.459384
0.448179
0.436975
0.422969
0.408964
0.394958
0.383754
0.369748
0.355742
0.341737
0.322129
0.29972
0.277311
0.252101
0.226891
0.201681
0.176471
0.151261
0.128852
0.109244
0.092437
0.0756303
0.0616246
0.047619
0.0382353
0.0309598
0.0228758
0.0138408
0.00735294
0.00392157
0
0
0
0
0.555556
0.555556
0.559829
0.563492
0.566667
0.565972
0.568627
0.570988
0.573099
0.572222
0.574074
0.57672
0.57672
0.574074
0.568783
0.566138
0.568783
0.571429
0.574074
0.57672
0.574074
0.568783
0.558201
0.539683
0.518519
0.497355
0.478836
0.460317
0.444444
0.431217
0.42328
0.412698
0.404762
0.402116
0.399471
0.399471
0.39418
0.388889
0.380952
0.373016
0.367725
0.367725
0.37037
0.378307
0.391534
0.407407
0.42328
0.439153
0.452381
0.460317
0.465608
0.465608
0.465608
0.460317
0.452381
0.44709
0.441799
0.439153
0.439153
0.441799
0.44709
0.452381
0.455026
0.455026
0.449735
0.441799
0.433862
0.42328
0.412698
0.399471
0.386243
0.373016
0.362434
0.349206
0.335979
0.322751
0.304233
0.283069
0.261905
0.238095
0.214286
0.190476
0.166667
0.142857
0.121693
0.103175
0.0873016
0.0714286
0.0582011
0.0449735
0.0361111
0.0292398
0.0216049
0.0130719
0.00694444
0.0037037
0
0
0
0
0.545455
0.54386
0.546559
0.548872
0.550877
0.549342
0.551084
0.552632
0.554017
0.552632
0.553885
0.553885
0.551378
0.546366
0.538847
0.536341
0.538847
0.541353
0.54386
0.546366
0.54386
0.538847
0.528822
0.511278
0.491228
0.471178
0.453634
0.43609
0.421053
0.408521
0.401002
0.390977
0.383459
0.380952
0.378446
0.378446
0.373434
0.368421
0.360902
0.353383
0.348371
0.348371
0.350877
0.358396
0.370927
0.385965
0.401002
0.41604
0.428571
0.43609
0.441103
0.441103
0.441103
0.43609
0.428571
0.423559
0.418546
0.41604
0.41604
0.418546
0.423559
0.428571
0.431078
0.431078
0.426065
0.418546
0.411028
0.401002
0.390977
0.378446
0.365915
0.353383
0.343358
0.330827
0.318296
0.305764
0.288221
0.26817
0.24812
0.225564
0.203008
0.180451
0.157895
0.135338
0.115288
0.0977444
0.0827068
0.0676692
0.0551378
0.0426065
0.0342105
0.0277008
0.0204678
0.0123839
0.00657895
0.00350877
0
0
0
0
0.522727
0.520833
0.523077
0.525
0.526667
0.525
0.526471
0.527778
0.528947
0.5275
0.528571
0.52619
0.52381
0.519048
0.511905
0.509524
0.511905
0.514286
0.516667
0.519048
0.516667
0.511905
0.502381
0.485714
0.466667
0.447619
0.430952
0.414286
0.4
0.388095
0.380952
0.371429
0.364286
0.361905
0.359524
0.359524
0.354762
0.35
0.342857
0.335714
0.330952
0.330952
0.333333
0.340476
0.352381
0.366667
0.380952
0.395238
0.407143
0.414286
0.419048
0.419048
0.419048
0.414286
0.407143
0.402381
0.397619
0.395238
0.395238
0.397619
0.402381
0.407143
0.409524
0.409524
0.404762
0.397619
0.390476
0.380952
0.371429
0.359524
0.347619
0.335714
0.32619
0.314286
0.302381
0.290476
0.27381
0.254762
0.235714
0.214286
0.192857
0.171429
0.15
0.128571
0.109524
0.0928571
0.0785714
0.0642857
0.052381
0.0404762
0.0325
0.0263158
0.0194444
0.0117647
0.00625
0.00333333
0
0
0
0
0.497835
0.496032
0.498168
0.5
0.501587
0.5
0.501401
0.502645
0.503759
0.502381
0.503401
0.501134
0.498866
0.494331
0.487528
0.485261
0.487528
0.489796
0.492063
0.494331
0.492063
0.487528
0.478458
0.462585
0.444444
0.426304
0.410431
0.394558
0.380952
0.369615
0.362812
0.353741
0.346939
0.344671
0.342404
0.342404
0.337868
0.333333
0.326531
0.319728
0.315193
0.315193
0.31746
0.324263
0.335601
0.349206
0.362812
0.376417
0.387755
0.394558
0.399093
0.399093
0.399093
0.394558
0.387755
0.38322
0.378685
0.376417
0.376417
0.378685
0.38322
0.387755
0.390023
0.390023
0.385488
0.378685
0.371882
0.362812
0.353741
0.342404
0.331066
0.319728
0.310658
0.29932
0.287982
0.276644
0.260771
0.24263
0.22449
0.204082
0.183673
0.163265
0.142857
0.122449
0.104308
0.0884354
0.0748299
0.0612245
0.0498866
0.0385488
0.0309524
0.0250627
0.0185185
0.0112045
0.00595238
0.0031746
0
0
0
0
0.450216
0.448413
0.450549
0.452381
0.453968
0.452381
0.453782
0.455026
0.45614
0.454762
0.455782
0.453515
0.451247
0.446712
0.439909
0.437642
0.439909
0.442177
0.444444
0.446712
0.444444
0.439909
0.430839
0.414966
0.396825
0.378685
0.362812
0.346939
0.333333
0.321995
0.315193
0.306122
0.29932
0.297052
0.294785
0.294785
0.292517
0.290249
0.285714
0.281179
0.278912
0.281179
0.285714
0.294785
0.30839
0.324263
0.340136
0.356009
0.369615
0.378685
0.385488
0.387755
0.390023
0.387755
0.38322
0.380952
0.378685
0.376417
0.376417
0.378685
0.38322
0.385488
0.385488
0.38322
0.376417
0.367347
0.358277
0.346939
0.335601
0.321995
0.30839
0.294785
0.283447
0.269841
0.256236
0.24263
0.226757
0.208617
0.190476
0.170068
0.14966
0.129252
0.111111
0.0929705
0.0770975
0.0634921
0.0521542
0.0408163
0.031746
0.0226757
0.0166667
0.0125313
0.00793651
0.00280112
0
0
0
0
0
0
0.402597
0.400794
0.40293
0.404762
0.406349
0.404762
0.406162
0.407407
0.408521
0.407143
0.408163
0.405896
0.403628
0.399093
0.39229
0.390023
0.39229
0.394558
0.396825
0.399093
0.396825
0.39229
0.38322
0.367347
0.349206
0.331066
0.315193
0.29932
0.285714
0.274376
0.267574
0.258503
0.251701
0.249433
0.247166
0.247166
0.244898
0.24263
0.240363
0.238095
0.238095
0.24263
0.249433
0.260771
0.276644
0.294785
0.312925
0.331066
0.346939
0.358277
0.367347
0.371882
0.376417
0.376417
0.37415
0.37415
0.37415
0.37415
0.37415
0.37415
0.376417
0.376417
0.37415
0.369615
0.360544
0.349206
0.337868
0.324263
0.310658
0.294785
0.278912
0.263039
0.249433
0.23356
0.219955
0.206349
0.190476
0.172336
0.154195
0.136054
0.117914
0.0997732
0.0839002
0.0680272
0.0544218
0.0430839
0.0340136
0.0249433
0.0181406
0.0113379
0.00714286
0.00501253
0.0026455
0
0
0
0
0
0
0
0.367965
0.369048
0.369963
0.370748
0.371429
0.369048
0.369748
0.37037
0.370927
0.369048
0.369615
0.367347
0.365079
0.360544
0.353741
0.351474
0.353741
0.356009
0.358277
0.358277
0.353741
0.346939
0.335601
0.319728
0.301587
0.283447
0.267574
0.251701
0.238095
0.226757
0.219955
0.210884
0.204082
0.201814
0.199546
0.199546
0.197279
0.195011
0.192744
0.192744
0.195011
0.201814
0.210884
0.22449
0.24263
0.263039
0.283447
0.303855
0.321995
0.335601
0.346939
0.353741
0.360544
0.362812
0.362812
0.362812
0.362812
0.362812
0.362812
0.362812
0.362812
0.360544
0.356009
0.349206
0.337868
0.324263
0.310658
0.294785
0.278912
0.260771
0.24263
0.22449
0.208617
0.192744
0.179138
0.165533
0.151927
0.136054
0.120181
0.104308
0.0884354
0.0725624
0.0589569
0.0453515
0.0340136
0.0249433
0.0181406
0.0113379
0.00680272
0.00226757
0
0
0
0
0
0
0
0
0
0
0.337662
0.34127
0.344322
0.346939
0.349206
0.348214
0.35014
0.351852
0.353383
0.352381
0.353741
0.353741
0.353741
0.351474
0.346939
0.346939
0.349206
0.351474
0.351474
0.349206
0.342404
0.333333
0.319728
0.301587
0.283447
0.265306
0.249433
0.231293
0.21542
0.201814
0.192744
0.181406
0.172336
0.1678
0.163265
0.160998
0.156463
0.154195
0.151927
0.151927
0.154195
0.160998
0.170068
0.183673
0.201814
0.219955
0.238095
0.256236
0.274376
0.287982
0.29932
0.306122
0.312925
0.315193
0.315193
0.315193
0.315193
0.315193
0.315193
0.315193
0.315193
0.312925
0.30839
0.301587
0.290249
0.276644
0.263039
0.247166
0.231293
0.213152
0.197279
0.181406
0.1678
0.154195
0.142857
0.131519
0.120181
0.106576
0.0929705
0.0793651
0.0657596
0.0521542
0.0408163
0.0294785
0.0204082
0.0136054
0.00907029
0.00453515
0.00226757
0
0
0
0
0
0
0
0
0
0
0
0.316017
0.321429
0.326007
0.329932
0.333333
0.333333
0.336134
0.338624
0.340852
0.340476
0.342404
0.344671
0.346939
0.346939
0.344671
0.344671
0.344671
0.344671
0.342404
0.337868
0.328798
0.31746
0.301587
0.283447
0.265306
0.247166
0.231293
0.213152
0.195011
0.179138
0.1678
0.154195
0.142857
0.136054
0.129252
0.124717
0.120181
0.117914
0.115646
0.115646
0.117914
0.124717
0.133787
0.147392
0.163265
0.179138
0.195011
0.210884
0.226757
0.240363
0.251701
0.258503
0.265306
0.267574
0.267574
0.267574
0.267574
0.267574
0.267574
0.267574
0.267574
0.265306
0.260771
0.253968
0.24263
0.229025
0.21542
0.199546
0.183673
0.1678
0.154195
0.14059
0.129252
0.117914
0.108844
0.0997732
0.090703
0.0793651
0.0680272
0.0566893
0.0453515
0.0340136
0.0249433
0.015873
0.00907029
0.00453515
0.00226757
0
0
0
0
0
0
0
0
0
0
0
0
0
0.316017
0.321429
0.326007
0.329932
0.333333
0.333333
0.336134
0.338624
0.340852
0.340476
0.342404
0.344671
0.346939
0.344671
0.340136
0.337868
0.335601
0.333333
0.328798
0.321995
0.310658
0.297052
0.278912
0.260771
0.24263
0.22449
0.208617
0.190476
0.172336
0.154195
0.14059
0.124717
0.111111
0.102041
0.0952381
0.090703
0.0861678
0.0839002
0.0816327
0.0816327
0.0839002
0.090703
0.0997732
0.113379
0.126984
0.14059
0.154195
0.1678
0.181406
0.192744
0.204082
0.210884
0.217687
0.219955
0.219955
0.219955
0.219955
0.219955
0.219955
0.219955
0.219955
0.217687
0.213152
0.206349
0.195011
0.181406
0.1678
0.154195
0.14059
0.126984
0.115646
0.104308
0.0952381
0.0861678
0.0793651
0.0725624
0.0657596
0.0566893
0.047619
0.0385488
0.0294785
0.0204082
0.0136054
0.00680272
0.00226757
0
0
0
0
0
0
0
0
0
0
0
0
0
0
0
0.316017
0.321429
0.326007
0.329932
0.333333
0.333333
0.336134
0.338624
0.340852
0.340476
0.340136
0.340136
0.340136
0.335601
0.328798
0.324263
0.319728
0.315193
0.30839
0.29932
0.285714
0.269841
0.251701
0.23356
0.21542
0.197279
0.181406
0.163265
0.145125
0.126984
0.111111
0.0952381
0.0816327
0.0725624
0.0657596
0.0612245
0.0566893
0.0544218
0.0521542
0.0521542
0.0544218
0.0612245
0.0702948
0.0816327
0.0929705
0.104308
0.115646
0.126984
0.138322
0.147392
0.156463
0.163265
0.170068
0.172336
0.172336
0.172336
0.172336
0.172336
0.172336
0.172336
0.172336
0.170068
0.165533
0.15873
0.147392
0.136054
0.124717
0.113379
0.102041
0.090703
0.0816327
0.0725624
0.0657596
0.0589569
0.0544218
0.0498866
0.0453515
0.0385488
0.031746
0.0249433
0.0181406
0.0113379
0.00680272
0.00226757
0
0
0
0
0
0
0
0
0
0
0
0
0
0
0
0
0.316017
0.321429
0.326007
0.329932
0.333333
0.333333
0.333333
0.333333
0.333333
0.330952
0.328798
0.326531
0.324263
0.31746
0.30839
0.301587
0.294785
0.287982
0.278912
0.267574
0.251701
0.235828
0.217687
0.199546
0.181406
0.163265
0.147392
0.131519
0.115646
0.0997732
0.0861678
0.0725624
0.0589569
0.0498866
0.0430839
0.0385488
0.0340136
0.031746
0.0294785
0.0294785
0.031746
0.0385488
0.0453515
0.0544218
0.0634921
0.0725624
0.0816327
0.090703
0.0997732
0.106576
0.113379
0.117914
0.122449
0.124717
0.124717
0.124717
0.124717
0.124717
0.124717
0.124717
0.124717
0.122449
0.117914
0.111111
0.102041
0.0929705
0.0839002
0.0748299
0.0657596
0.0566893
0.0498866
0.0430839
0.0385488
0.0340136
0.031746
0.0294785
0.0272109
0.0226757
0.0181406
0.0136054
0.00907029
0.00453515
0.00226757
0
0
0
0
0
0
0
0
0
0
0
0
0
0
0
0
0
0.316017
0.321429
0.326007
0.326531
0.326984
0.324405
0.322129
0.320106
0.318296
0.314286
0.310658
0.306122
0.301587
0.292517
0.281179
0.272109
0.263039
0.253968
0.24263
0.229025
0.213152
0.197279
0.179138
0.160998
0.145125
0.129252
0.115646
0.102041
0.0884354
0.0748299
0.0634921
0.0521542
0.0408163
0.031746
0.0249433
0.0204082
0.015873
0.0136054
0.0113379
0.0113379
0.0136054
0.0181406
0.0226757
0.0294785
0.0362812
0.0430839
0.0498866
0.0566893
0.0634921
0.0680272
0.0725624
0.0748299
0.0770975
0.0770975
0.0770975
0.0770975
0.0770975
0.0770975
0.0770975
0.0770975
0.0770975
0.0748299
0.0702948
0.0657596
0.0589569
0.0521542
0.0453515
0.0385488
0.031746
0.0249433
0.0204082
0.015873
0.0136054
0.0113379
0.0113379
0.0113379
0.0113379
0.00907029
0.00680272
0.00453515
0.00226757
0
0
0
0
0
0
0
0
0
0
0
0
0
0
0
0
0
0
0
0.316017
0.31746
0.318681
0.316327
0.314286
0.309524
0.305322
0.301587
0.298246
0.292857
0.287982
0.281179
0.274376
0.263039
0.249433
0.238095
0.226757
0.21542
0.201814
0.188209
0.172336
0.156463
0.14059
0.124717
0.111111
0.0975057
0.0861678
0.0748299
0.0634921
0.0521542
0.0430839
0.0340136
0.0249433
0.0181406
0.0136054
0.00907029
0.00453515
0.00226757
0
0
0
0.00226757
0.00453515
0.00907029
0.0136054
0.0181406
0.0226757
0.0272109
0.031746
0.0362812
0.0408163
0.0430839
0.0453515
0.047619
0.0498866
0.0521542
0.0521542
0.0521542
0.0521542
0.0521542
0.0521542
0.0521542
0.0498866
0.047619
0.0430839
0.0385488
0.0340136
0.0294785
0.0249433
0.0204082
0.015873
0.0113379
0.00907029
0.00680272
0.00453515
0.00226757
0
0
0
0
0
0
0
0
0
0
0
0
0
0
0
0
0
0
0
0
0
0
0
0
0.307359
0.305556
0.304029
0.29932
0.295238
0.28869
0.282913
0.277778
0.273183
0.266667
0.260771
0.251701
0.24263
0.229025
0.213152
0.199546
0.185941
0.172336
0.15873
0.145125
0.131519
0.117914
0.104308
0.090703
0.0793651
0.0680272
0.0589569
0.0498866
0.0408163
0.031746
0.0249433
0.0181406
0.0113379
0.00680272
0.00453515
0.00226757
0
0
0
0
0
0
0
0.00226757
0.00453515
0.00680272
0.00907029
0.0113379
0.015873
0.0204082
0.0249433
0.0294785
0.0340136
0.0385488
0.0430839
0.047619
0.0498866
0.0521542
0.0521542
0.0521542
0.0521542
0.0521542
0.0521542
0.0521542
0.0498866
0.047619
0.0453515
0.0430839
0.0408163
0.0362812
0.031746
0.0272109
0.0226757
0.0181406
0.0136054
0.00907029
0.00453515
0.00226757
0
0
0
0
0
0
0
0
0
0
0
0
0
0
0
0
0
0
0
0
0
0
0.272727
0.269841
0.267399
0.261905
0.257143
0.25
0.243697
0.238095
0.233083
0.22619
0.219955
0.208617
0.197279
0.181406
0.165533
0.151927
0.14059
0.129252
0.117914
0.106576
0.0952381
0.0839002
0.0725624
0.0612245
0.0521542
0.0430839
0.0362812
0.0294785
0.0226757
0.015873
0.0113379
0.00680272
0.00226757
0
0
0
0
0
0
0
0
0
0
0
0
0
0
0.00226757
0.00680272
0.0136054
0.0204082
0.0272109
0.0340136
0.0408163
0.047619
0.0544218
0.0589569
0.0634921
0.0657596
0.0680272
0.0702948
0.0725624
0.0725624
0.0725624
0.0725624
0.0725624
0.0725624
0.0725624
0.0702948
0.0657596
0.0589569
0.0521542
0.0453515
0.0385488
0.031746
0.0249433
0.0181406
0.0136054
0.00907029
0.00680272
0.00453515
0.00226757
0
0
0
0
0
0
0
0
0
0
0
0
0
0
0
0
0
0
0.233766
0.230159
0.227106
0.221088
0.215873
0.208333
0.201681
0.195767
0.190476
0.183333
0.176871
0.163265
0.14966
0.136054
0.122449
0.111111
0.102041
0.0929705
0.0839002
0.0748299
0.0657596
0.0566893
0.047619
0.0385488
0.031746
0.0249433
0.0204082
0.015873
0.0113379
0.00680272
0.00453515
0.00226757
0
0
0
0
0
0
0
0
0
0
0
0
0
0
0.00226757
0.00680272
0.0136054
0.0226757
0.031746
0.0408163
0.0498866
0.0589569
0.0680272
0.0770975
0.0839002
0.090703
0.0952381
0.0997732
0.104308
0.108844
0.111111
0.111111
0.111111
0.111111
0.111111
0.108844
0.104308
0.0975057
0.0884354
0.0793651
0.0702948
0.0612245
0.0521542
0.0430839
0.0340136
0.0272109
0.0204082
0.015873
0.0113379
0.00680272
0.00226757
0
0
0
0
0
0
0
0
0
0
0
0
0
0
0
0
0
0.186147
0.18254
0.179487
0.173469
0.168254
0.160714
0.154062
0.148148
0.142857
0.135714
0.129252
0.115646
0.104308
0.0929705
0.0816327
0.0725624
0.0657596
0.0589569
0.0521542
0.0453515
0.0385488
0.031746
0.0249433
0.0181406
0.0136054
0.00907029
0.00680272
0.00453515
0.00226757
0
0
0
0
0
0
0
0
0
0
0
0
0
0
0
0
0.00226757
0.00680272
0.0136054
0.0226757
0.0340136
0.0453515
0.0566893
0.0680272
0.0793651
0.090703
0.102041
0.111111
0.120181
0.126984
0.133787
0.14059
0.147392
0.151927
0.154195
0.154195
0.154195
0.151927
0.147392
0.14059
0.131519
0.120181
0.108844
0.0975057
0.0861678
0.0748299
0.0634921
0.0521542
0.0430839
0.0340136
0.0272109
0.0204082
0.0136054
0.00680272
0.00226757
0
0
0
0
0
0
0
0
0
0
0
0
0
0
0
0
0.138528
0.134921
0.131868
0.12585
0.120635
0.113095
0.106443
0.100529
0.0952381
0.0904762
0.0861678
0.0748299
0.0657596
0.0566893
0.047619
0.0408163
0.0362812
0.031746
0.0272109
0.0226757
0.0181406
0.0136054
0.00907029
0.00453515
0.00226757
0
0
0
0
0
0
0
0
0
0
0
0
0
0
0
0
0
0
0.00226757
0.00453515
0.00907029
0.015873
0.0249433
0.0362812
0.0498866
0.0634921
0.0770975
0.090703
0.104308
0.117914
0.131519
0.142857
0.154195
0.163265
0.172336
0.181406
0.190476
0.197279
0.201814
0.201814
0.199546
0.195011
0.188209
0.179138
0.1678
0.154195
0.14059
0.126984
0.113379
0.0997732
0.0861678
0.0725624
0.0612245
0.0498866
0.0408163
0.031746
0.0226757
0.0136054
0.00680272
0.00226757
0
0
0
0
0
0
0
0
0
0
0
0
0
0
0
0.0909091
0.0873016
0.0842491
0.0782313
0.0730159
0.0684524
0.0644258
0.0608466
0.0576441
0.0547619
0.0521542
0.0430839
0.0362812
0.0294785
0.0226757
0.0181406
0.015873
0.0136054
0.0113379
0.00907029
0.00680272
0.00453515
0.00226757
0
0
0
0
0
0
0
0
0
0
0
0
0
0
0
0
0
0
0
0.00226757
0.00680272
0.0113379
0.0181406
0.0272109
0.0385488
0.0521542
0.0680272
0.0839002
0.0997732
0.115646
0.131519
0.147392
0.163265
0.176871
0.190476
0.201814
0.213152
0.22449
0.235828
0.244898
0.249433
0.249433
0.247166
0.24263
0.235828
0.22449
0.210884
0.195011
0.179138
0.163265
0.147392
0.131519
0.115646
0.0997732
0.0861678
0.0725624
0.0612245
0.0498866
0.0385488
0.0272109
0.0181406
0.0113379
0.00680272
0.00453515
0.00226757
0
0
0
0
0
0
0
0
0
0
0
0
0.04329
0.0396825
0.03663
0.0340136
0.031746
0.0297619
0.0280112
0.026455
0.0250627
0.0238095
0.0226757
0.015873
0.0113379
0.00680272
0.00226757
0
0
0
0
0
0
0
0
0
0
0
0
0
0
0
0
0
0
0
0
0
0
0
0
0.00226757
0.00453515
0.00680272
0.0113379
0.0181406
0.0249433
0.0340136
0.0453515
0.0589569
0.0748299
0.0929705
0.111111
0.129252
0.147392
0.165533
0.183673
0.201814
0.217687
0.23356
0.247166
0.260771
0.272109
0.283447
0.292517
0.297052
0.297052
0.294785
0.290249
0.283447
0.272109
0.258503
0.24263
0.22449
0.206349
0.188209
0.170068
0.151927
0.133787
0.117914
0.102041
0.0884354
0.0748299
0.0612245
0.047619
0.0362812
0.0272109
0.0204082
0.015873
0.0113379
0.00680272
0.00453515
0.00238095
0
0
0
0
0
0
0
0
0
0.021645
0.0198413
0.018315
0.0170068
0.015873
0.014881
0.0140056
0.0132275
0.0125313
0.0119048
0.0113379
0.00680272
0.00453515
0.00226757
0
0
0
0
0
0
0
0
0
0
0
0
0
0
0
0
0
0
0
0
0
0
0
0
0.00226757
0.00680272
0.0113379
0.015873
0.0226757
0.031746
0.0408163
0.0521542
0.0657596
0.0816327
0.0997732
0.120181
0.138322
0.156463
0.174603
0.192744
0.210884
0.229025
0.247166
0.265306
0.281179
0.294785
0.306122
0.31746
0.326531
0.331066
0.331066
0.328798
0.324263
0.31746
0.306122
0.292517
0.276644
0.260771
0.244898
0.226757
0.208617
0.190476
0.172336
0.154195
0.136054
0.120181
0.104308
0.0884354
0.0725624
0.0589569
0.047619
0.0385488
0.031746
0.0249433
0.0181406
0.0136054
0.00952381
0.00501253
0.0026455
0
0
0
0
0
0
0
0.004329
0.00396825
0.003663
0.00340136
0.0031746
0.00297619
0.00280112
0.0026455
0.00250627
0.00238095
0.00226757
0
0
0
0
0
0
0
0
0
0
0
0
0
0
0
0
0
0
0
0
0
0
0
0
0
0.00226757
0.00453515
0.00907029
0.015873
0.0226757
0.0294785
0.0385488
0.0498866
0.0612245
0.0748299
0.090703
0.108844
0.129252
0.14966
0.1678
0.185941
0.204082
0.222222
0.240363
0.258503
0.276644
0.292517
0.30839
0.321995
0.333333
0.344671
0.353741
0.358277
0.358277
0.356009
0.351474
0.344671
0.333333
0.319728
0.306122
0.292517
0.278912
0.263039
0.247166
0.231293
0.21542
0.197279
0.179138
0.160998
0.142857
0.124717
0.106576
0.090703
0.0770975
0.0657596
0.0566893
0.047619
0.0385488
0.031746
0.0261905
0.0200501
0.015873
0.0112045
0.00892857
0.00634921
0.00340136
0
0
0
0.004329
0.00396825
0.003663
0.00340136
0.0031746
0.00297619
0.00280112
0.0026455
0.00250627
0.00238095
0.00226757
0
0
0
0
0
0
0
0
0
0
0
0
0
0
0
0
0
0
0
0
0
0
0
0
0.00226757
0.00680272
0.0113379
0.0181406
0.0272109
0.0362812
0.0453515
0.0566893
0.0702948
0.0839002
0.0997732
0.117914
0.138322
0.15873
0.179138
0.197279
0.21542
0.23356
0.251701
0.269841
0.287982
0.303855
0.31746
0.331066
0.342404
0.353741
0.365079
0.37415
0.378685
0.378685
0.376417
0.371882
0.365079
0.353741
0.342404
0.331066
0.319728
0.30839
0.294785
0.281179
0.267574
0.253968
0.238095
0.222222
0.206349
0.190476
0.172336
0.151927
0.133787
0.117914
0.104308
0.0929705
0.0816327
0.0702948
0.0612245
0.0547619
0.047619
0.042328
0.0364146
0.0327381
0.0285714
0.0238095
0.018315
0.015873
0.012987
0.012987
0.0119048
0.010989
0.0102041
0.00952381
0.0119048
0.0140056
0.015873
0.0175439
0.0166667
0.015873
0.0113379
0.00907029
0.00907029
0.00907029
0.00907029
0.00907029
0.00907029
0.00907029
0.00907029
0.00907029
0.00907029
0.00907029
0.00907029
0.00907029
0.00907029
0.00680272
0.00453515
0.00226757
0
0
0
0.00226757
0.00453515
0.00680272
0.0113379
0.0181406
0.0249433
0.0340136
0.0453515
0.0566893
0.0680272
0.0816327
0.0975057
0.113379
0.131519
0.14966
0.170068
0.190476
0.210884
0.229025
0.247166
0.265306
0.281179
0.297052
0.312925
0.326531
0.337868
0.349206
0.358277
0.367347
0.376417
0.38322
0.387755
0.387755
0.385488
0.380952
0.376417
0.367347
0.358277
0.349206
0.340136
0.331066
0.319728
0.30839
0.297052
0.285714
0.272109
0.258503
0.244898
0.231293
0.21542
0.197279
0.179138
0.160998
0.145125
0.131519
0.117914
0.104308
0.0929705
0.0857143
0.0776942
0.0714286
0.0644258
0.0595238
0.0539683
0.047619
0.040293
0.0357143
0.030303
0.0606061
0.0595238
0.0586081
0.0578231
0.0571429
0.0595238
0.0616246
0.0634921
0.0651629
0.0642857
0.0634921
0.0589569
0.0566893
0.0566893
0.0544218
0.0521542
0.0498866
0.047619
0.0453515
0.0430839
0.0408163
0.0385488
0.0362812
0.0340136
0.031746
0.0294785
0.0249433
0.0204082
0.0181406
0.015873
0.015873
0.015873
0.0181406
0.0204082
0.0226757
0.0294785
0.0385488
0.047619
0.0589569
0.0725624
0.0861678
0.0997732
0.115646
0.133787
0.151927
0.170068
0.188209
0.208617
0.229025
0.247166
0.263039
0.278912
0.294785
0.30839
0.321995
0.335601
0.346939
0.356009
0.365079
0.371882
0.378685
0.385488
0.390023
0.39229
0.390023
0.385488
0.38322
0.380952
0.37415
0.367347
0.360544
0.353741
0.346939
0.337868
0.328798
0.319728
0.310658
0.29932
0.287982
0.276644
0.265306
0.251701
0.235828
0.219955
0.201814
0.185941
0.172336
0.156463
0.14059
0.126984
0.119048
0.110276
0.103175
0.0952381
0.0892857
0.0825397
0.0748299
0.0659341
0.0595238
0.0519481
0.108225
0.107143
0.106227
0.105442
0.104762
0.107143
0.109244
0.111111
0.112782
0.111905
0.111111
0.106576
0.104308
0.104308
0.102041
0.0997732
0.0975057
0.0952381
0.0929705
0.090703
0.0884354
0.0861678
0.0839002
0.0816327
0.0793651
0.0770975
0.0725624
0.0680272
0.0657596
0.0634921
0.0634921
0.0634921
0.0657596
0.0680272
0.0702948
0.0770975
0.0861678
0.0952381
0.106576
0.120181
0.133787
0.147392
0.163265
0.179138
0.195011
0.210884
0.226757
0.244898
0.263039
0.278912
0.292517
0.306122
0.319728
0.331066
0.342404
0.353741
0.362812
0.369615
0.376417
0.380952
0.385488
0.390023
0.39229
0.39229
0.390023
0.385488
0.38322
0.380952
0.376417
0.371882
0.367347
0.362812
0.358277
0.351474
0.344671
0.337868
0.331066
0.321995
0.312925
0.303855
0.294785
0.283447
0.269841
0.256236
0.240363
0.226757
0.213152
0.197279
0.181406
0.165533
0.157143
0.14787
0.140212
0.131653
0.125
0.11746
0.108844
0.0989011
0.0912698
0.0822511
0.155844
0.154762
0.153846
0.153061
0.152381
0.154762
0.156863
0.15873
0.160401
0.159524
0.15873
0.154195
0.151927
0.151927
0.14966
0.147392
0.145125
0.142857
0.14059
0.138322
0.136054
0.133787
0.131519
0.129252
0.126984
0.124717
0.120181
0.115646
0.113379
0.111111
0.111111
0.111111
0.113379
0.115646
0.117914
0.124717
0.133787
0.142857
0.154195
0.1678
0.179138
0.190476
0.204082
0.217687
0.231293
0.244898
0.258503
0.274376
0.290249
0.303855
0.315193
0.326531
0.337868
0.346939
0.356009
0.365079
0.371882
0.376417
0.380952
0.38322
0.385488
0.390023
0.39229
0.39229
0.390023
0.385488
0.38322
0.380952
0.376417
0.371882
0.367347
0.365079
0.362812
0.358277
0.353741
0.349206
0.344671
0.337868
0.331066
0.324263
0.31746
0.30839
0.297052
0.285714
0.272109
0.260771
0.249433
0.235828
0.222222
0.208617
0.202381
0.195489
0.187831
0.179272
0.172619
0.165079
0.156463
0.14652
0.138889
0.12987
0.203463
0.202381
0.201465
0.20068
0.2
0.202381
0.204482
0.206349
0.20802
0.207143
0.206349
0.201814
0.199546
0.199546
0.197279
0.195011
0.192744
0.190476
0.188209
0.185941
0.183673
0.181406
0.179138
0.176871
0.174603
0.172336
0.1678
0.163265
0.160998
0.15873
0.15873
0.15873
0.160998
0.163265
0.165533
0.172336
0.181406
0.190476
0.199546
0.210884
0.219955
0.229025
0.240363
0.251701
0.263039
0.274376
0.285714
0.29932
0.312925
0.324263
0.333333
0.342404
0.351474
0.358277
0.365079
0.371882
0.376417
0.378685
0.380952
0.38322
0.385488
0.390023
0.39229
0.39229
0.390023
0.385488
0.38322
0.380952
0.376417
0.371882
0.367347
0.365079
0.362812
0.360544
0.358277
0.356009
0.353741
0.349206
0.344671
0.340136
0.335601
0.328798
0.319728
0.310658
0.29932
0.290249
0.281179
0.269841
0.258503
0.247166
0.242857
0.238095
0.232804
0.226891
0.220238
0.212698
0.204082
0.194139
0.186508
0.177489
0.251082
0.25
0.249084
0.248299
0.247619
0.25
0.252101
0.253968
0.255639
0.254762
0.253968
0.249433
0.247166
0.247166
0.244898
0.24263
0.240363
0.238095
0.235828
0.23356
0.231293
0.229025
0.226757
0.22449
0.222222
0.219955
0.21542
0.210884
0.208617
0.206349
0.206349
0.206349
0.208617
0.210884
0.213152
0.219955
0.229025
0.235828
0.24263
0.251701
0.258503
0.265306
0.274376
0.283447
0.292517
0.301587
0.310658
0.321995
0.333333
0.342404
0.349206
0.356009
0.362812
0.367347
0.371882
0.376417
0.378685
0.378685
0.380952
0.38322
0.385488
0.390023
0.39229
0.39229
0.390023
0.385488
0.38322
0.380952
0.376417
0.371882
0.367347
0.365079
0.362812
0.360544
0.358277
0.358277
0.358277
0.356009
0.353741
0.351474
0.349206
0.344671
0.337868
0.331066
0.321995
0.315193
0.30839
0.29932
0.290249
0.281179
0.278571
0.275689
0.272487
0.268908
0.264881
0.260317
0.251701
0.241758
0.234127
0.225108
0.298701
0.297619
0.296703
0.295918
0.295238
0.297619
0.29972
0.301587
0.303258
0.302381
0.301587
0.297052
0.294785
0.294785
0.292517
0.290249
0.287982
0.285714
0.283447
0.281179
0.278912
0.276644
0.274376
0.272109
0.269841
0.267574
0.263039
0.258503
0.256236
0.253968
0.253968
0.253968
0.256236
0.258503
0.260771
0.267574
0.274376
0.278912
0.283447
0.290249
0.294785
0.29932
0.306122
0.312925
0.319728
0.326531
0.333333
0.342404
0.351474
0.358277
0.362812
0.367347
0.371882
0.37415
0.376417
0.378685
0.378685
0.378685
0.380952
0.38322
0.385488
0.390023
0.39229
0.39229
0.390023
0.385488
0.38322
0.380952
0.376417
0.371882
0.367347
0.365079
0.362812
0.360544
0.358277
0.358277
0.358277
0.356009
0.353741
0.351474
0.351474
0.349206
0.344671
0.340136
0.333333
0.328798
0.324263
0.31746
0.310658
0.303855
0.302381
0.300752
0.298942
0.296919
0.294643
0.292064
0.285714
0.278388
0.27381
0.268398
0.298701
0.301587
0.304029
0.306122
0.307937
0.3125
0.316527
0.320106
0.323308
0.32381
0.324263
0.321995
0.321995
0.324263
0.324263
0.324263
0.324263
0.324263
0.324263
0.324263
0.324263
0.324263
0.321995
0.319728
0.31746
0.315193
0.310658
0.306122
0.303855
0.301587
0.301587
0.301587
0.303855
0.306122
0.30839
0.312925
0.31746
0.319728
0.321995
0.326531
0.328798
0.331066
0.335601
0.340136
0.344671
0.349206
0.353741
0.360544
0.367347
0.371882
0.37415
0.376417
0.378685
0.378685
0.378685
0.378685
0.378685
0.378685
0.380952
0.38322
0.385488
0.390023
0.39229
0.39229
0.390023
0.385488
0.38322
0.380952
0.376417
0.371882
0.367347
0.365079
0.362812
0.360544
0.358277
0.358277
0.358277
0.356009
0.353741
0.351474
0.351474
0.349206
0.346939
0.344671
0.340136
0.337868
0.335601
0.331066
0.326531
0.321995
0.321429
0.320802
0.320106
0.319328
0.318452
0.31746
0.312925
0.307692
0.305556
0.30303
0.298701
0.301587
0.304029
0.306122
0.307937
0.3125
0.316527
0.320106
0.323308
0.32381
0.324263
0.324263
0.326531
0.331066
0.333333
0.335601
0.335601
0.335601
0.335601
0.335601
0.335601
0.337868
0.337868
0.337868
0.337868
0.337868
0.335601
0.333333
0.333333
0.333333
0.333333
0.333333
0.333333
0.333333
0.333333
0.335601
0.337868
0.340136
0.342404
0.346939
0.349206
0.351474
0.353741
0.356009
0.358277
0.360544
0.362812
0.367347
0.371882
0.37415
0.37415
0.376417
0.378685
0.378685
0.378685
0.378685
0.378685
0.378685
0.380952
0.38322
0.385488
0.390023
0.39229
0.39229
0.390023
0.385488
0.38322
0.380952
0.376417
0.371882
0.367347
0.365079
0.362812
0.360544
0.358277
0.358277
0.358277
0.356009
0.353741
0.351474
0.351474
0.349206
0.346939
0.346939
0.344671
0.344671
0.344671
0.342404
0.340136
0.337868
0.338095
0.338346
0.338624
0.338936
0.339286
0.339683
0.336735
0.333333
0.333333
0.333333
0.298701
0.301587
0.304029
0.306122
0.307937
0.3125
0.316527
0.320106
0.323308
0.32381
0.324263
0.324263
0.326531
0.331066
0.333333
0.335601
0.335601
0.335601
0.335601
0.335601
0.335601
0.337868
0.337868
0.337868
0.337868
0.337868
0.335601
0.333333
0.333333
0.333333
0.333333
0.333333
0.333333
0.333333
0.333333
0.335601
0.337868
0.340136
0.342404
0.346939
0.349206
0.351474
0.353741
0.356009
0.358277
0.360544
0.362812
0.367347
0.371882
0.37415
0.37415
0.376417
0.378685
0.378685
0.378685
0.378685
0.378685
0.378685
0.380952
0.38322
0.385488
0.390023
0.39229
0.39229
0.390023
0.385488
0.38322
0.380952
0.376417
0.371882
0.367347
0.365079
0.362812
0.360544
0.358277
0.358277
0.358277
0.356009
0.353741
0.351474
0.351474
0.349206
0.346939
0.346939
0.346939
0.349206
0.351474
0.351474
0.351474
0.351474
0.352381
0.353383
0.354497
0.355742
0.357143
0.35873
0.357143
0.355311
0.357143
0.359307
0.298701
0.301587
0.304029
0.306122
0.307937
0.3125
0.316527
0.320106
0.323308
0.32381
0.324263
0.324263
0.326531
0.331066
0.333333
0.335601
0.335601
0.335601
0.335601
0.335601
0.335601
0.337868
0.337868
0.337868
0.337868
0.337868
0.335601
0.333333
0.333333
0.333333
0.333333
0.333333
0.333333
0.333333
0.333333
0.335601
0.337868
0.340136
0.342404
0.346939
0.349206
0.351474
0.353741
0.356009
0.358277
0.360544
0.362812
0.367347
0.371882
0.371882
0.369615
0.369615
0.369615
0.367347
0.365079
0.362812
0.362812
0.362812
0.365079
0.367347
0.369615
0.37415
0.376417
0.376417
0.37415
0.369615
0.367347
0.365079
0.360544
0.356009
0.353741
0.353741
0.353741
0.353741
0.353741
0.356009
0.358277
0.356009
0.353741
0.351474
0.351474
0.349206
0.346939
0.346939
0.346939
0.349206
0.351474
0.353741
0.356009
0.358277
0.359524
0.360902
0.362434
0.364146
0.366071
0.368254
0.367347
0.3663
0.369048
0.372294
0.298701
0.301587
0.304029
0.306122
0.307937
0.3125
0.316527
0.320106
0.323308
0.32381
0.324263
0.324263
0.326531
0.331066
0.333333
0.335601
0.335601
0.335601
0.335601
0.335601
0.335601
0.337868
0.337868
0.337868
0.337868
0.337868
0.335601
0.333333
0.333333
0.333333
0.333333
0.333333
0.333333
0.333333
0.333333
0.335601
0.337868
0.340136
0.342404
0.346939
0.349206
0.351474
0.353741
0.356009
0.358277
0.360544
0.362812
0.367347
0.369615
0.367347
0.362812
0.360544
0.358277
0.353741
0.349206
0.344671
0.342404
0.340136
0.342404
0.344671
0.346939
0.351474
0.353741
0.353741
0.351474
0.346939
0.344671
0.342404
0.337868
0.335601
0.335601
0.337868
0.340136
0.342404
0.344671
0.349206
0.353741
0.353741
0.353741
0.351474
0.351474
0.349206
0.346939
0.346939
0.346939
0.349206
0.351474
0.353741
0.356009
0.360544
0.361905
0.363409
0.365079
0.366947
0.369048
0.371429
0.370748
0.369963
0.373016
0.376623
0.298701
0.301587
0.304029
0.306122
0.307937
0.3125
0.316527
0.320106
0.323308
0.32381
0.324263
0.324263
0.326531
0.331066
0.333333
0.335601
0.335601
0.335601
0.335601
0.335601
0.335601
0.337868
0.337868
0.337868
0.337868
0.337868
0.335601
0.333333
0.333333
0.333333
0.333333
0.333333
0.333333
0.333333
0.333333
0.335601
0.337868
0.340136
0.342404
0.346939
0.351474
0.356009
0.360544
0.365079
0.369615
0.371882
0.376417
0.380952
0.38322
0.380952
0.376417
0.37415
0.369615
0.362812
0.356009
0.349206
0.344671
0.340136
0.340136
0.340136
0.340136
0.340136
0.340136
0.337868
0.333333
0.326531
0.324263
0.319728
0.315193
0.312925
0.312925
0.315193
0.31746
0.321995
0.326531
0.333333
0.340136
0.342404
0.344671
0.344671
0.346939
0.346939
0.346939
0.346939
0.346939
0.349206
0.351474
0.353741
0.356009
0.360544
0.361905
0.363409
0.365079
0.366947
0.369048
0.371429
0.370748
0.369963
0.373016
0.376623
0.298701
0.301587
0.304029
0.306122
0.307937
0.3125
0.316527
0.320106
0.323308
0.32381
0.324263
0.324263
0.326531
0.331066
0.333333
0.335601
0.335601
0.335601
0.335601
0.335601
0.335601
0.337868
0.337868
0.337868
0.337868
0.337868
0.335601
0.333333
0.333333
0.333333
0.333333
0.333333
0.333333
0.333333
0.333333
0.335601
0.337868
0.340136
0.342404
0.349206
0.356009
0.362812
0.369615
0.376417
0.38322
0.387755
0.39229
0.396825
0.399093
0.396825
0.39229
0.390023
0.385488
0.376417
0.367347
0.358277
0.351474
0.344671
0.342404
0.340136
0.335601
0.331066
0.326531
0.321995
0.315193
0.306122
0.301587
0.297052
0.292517
0.290249
0.290249
0.292517
0.294785
0.29932
0.306122
0.315193
0.324263
0.328798
0.333333
0.335601
0.340136
0.342404
0.344671
0.346939
0.346939
0.349206
0.351474
0.353741
0.356009
0.360544
0.361905
0.363409
0.365079
0.366947
0.369048
0.371429
0.370748
0.369963
0.373016
0.376623
0.298701
0.301587
0.304029
0.306122
0.307937
0.3125
0.316527
0.320106
0.323308
0.32381
0.324263
0.324263
0.326531
0.331066
0.333333
0.335601
0.335601
0.335601
0.335601
0.335601
0.335601
0.337868
0.337868
0.337868
0.337868
0.337868
0.335601
0.333333
0.333333
0.333333
0.333333
0.333333
0.333333
0.333333
0.335601
0.340136
0.344671
0.349206
0.353741
0.362812
0.371882
0.380952
0.390023
0.399093
0.408163
0.412698
0.417234
0.421769
0.424036
0.421769
0.417234
0.414966
0.410431
0.401361
0.390023
0.376417
0.365079
0.353741
0.346939
0.340136
0.331066
0.321995
0.312925
0.303855
0.294785
0.283447
0.278912
0.274376
0.269841
0.267574
0.267574
0.269841
0.272109
0.276644
0.283447
0.294785
0.306122
0.312925
0.319728
0.324263
0.331066
0.335601
0.340136
0.344671
0.346939
0.349206
0.351474
0.353741
0.356009
0.360544
0.361905
0.363409
0.365079
0.366947
0.369048
0.371429
0.370748
0.369963
0.373016
0.376623
0.298701
0.301587
0.304029
0.306122
0.307937
0.3125
0.316527
0.320106
0.323308
0.32381
0.324263
0.324263
0.326531
0.331066
0.333333
0.335601
0.335601
0.335601
0.335601
0.335601
0.335601
0.337868
0.337868
0.337868
0.337868
0.337868
0.335601
0.333333
0.333333
0.333333
0.333333
0.333333
0.333333
0.335601
0.340136
0.346939
0.353741
0.360544
0.367347
0.378685
0.390023
0.401361
0.412698
0.421769
0.430839
0.435374
0.439909
0.444444
0.446712
0.444444
0.439909
0.437642
0.433107
0.424036
0.410431
0.39229
0.376417
0.360544
0.349206
0.337868
0.324263
0.310658
0.297052
0.283447
0.272109
0.260771
0.256236
0.251701
0.247166
0.244898
0.244898
0.247166
0.249433
0.253968
0.260771
0.272109
0.285714
0.294785
0.303855
0.310658
0.319728
0.326531
0.333333
0.340136
0.344671
0.349206
0.351474
0.353741
0.356009
0.360544
0.361905
0.363409
0.365079
0.366947
0.369048
0.371429
0.370748
0.369963
0.373016
0.376623
0.298701
0.301587
0.304029
0.306122
0.307937
0.3125
0.316527
0.320106
0.323308
0.32381
0.324263
0.324263
0.326531
0.331066
0.333333
0.335601
0.335601
0.335601
0.335601
0.335601
0.335601
0.337868
0.337868
0.340136
0.342404
0.344671
0.344671
0.344671
0.346939
0.349206
0.351474
0.353741
0.356009
0.360544
0.367347
0.376417
0.385488
0.394558
0.403628
0.417234
0.430839
0.444444
0.455782
0.464853
0.471655
0.473923
0.47619
0.478458
0.478458
0.473923
0.46712
0.462585
0.455782
0.444444
0.428571
0.408163
0.390023
0.369615
0.353741
0.337868
0.319728
0.301587
0.283447
0.267574
0.253968
0.240363
0.23356
0.226757
0.222222
0.219955
0.219955
0.222222
0.22449
0.229025
0.235828
0.247166
0.260771
0.269841
0.281179
0.290249
0.301587
0.310658
0.319728
0.328798
0.335601
0.342404
0.346939
0.351474
0.356009
0.360544
0.361905
0.363409
0.365079
0.366947
0.369048
0.371429
0.370748
0.369963
0.373016
0.376623
0.298701
0.301587
0.304029
0.306122
0.307937
0.3125
0.316527
0.320106
0.323308
0.32381
0.324263
0.324263
0.326531
0.331066
0.333333
0.335601
0.335601
0.335601
0.335601
0.337868
0.340136
0.344671
0.346939
0.351474
0.356009
0.360544
0.362812
0.365079
0.369615
0.37415
0.378685
0.38322
0.387755
0.394558
0.403628
0.414966
0.426304
0.437642
0.44898
0.462585
0.473923
0.485261
0.494331
0.501134
0.505669
0.505669
0.505669
0.505669
0.503401
0.496599
0.487528
0.480726
0.471655
0.45805
0.439909
0.417234
0.396825
0.37415
0.353741
0.333333
0.312925
0.292517
0.272109
0.253968
0.238095
0.222222
0.213152
0.204082
0.197279
0.192744
0.190476
0.192744
0.195011
0.199546
0.206349
0.217687
0.231293
0.240363
0.251701
0.263039
0.276644
0.287982
0.29932
0.310658
0.319728
0.328798
0.335601
0.342404
0.349206
0.356009
0.359524
0.363409
0.365079
0.366947
0.369048
0.371429
0.370748
0.369963
0.373016
0.376623
0.298701
0.301587
0.304029
0.306122
0.307937
0.3125
0.316527
0.320106
0.323308
0.32381
0.324263
0.324263
0.326531
0.331066
0.333333
0.335601
0.335601
0.335601
0.337868
0.342404
0.346939
0.353741
0.358277
0.365079
0.371882
0.378685
0.38322
0.387755
0.394558
0.401361
0.408163
0.414966
0.421769
0.430839
0.442177
0.455782
0.469388
0.482993
0.494331
0.505669
0.514739
0.52381
0.530612
0.535147
0.537415
0.535147
0.53288
0.530612
0.526077
0.517007
0.507937
0.501134
0.492063
0.478458
0.460317
0.437642
0.414966
0.390023
0.367347
0.344671
0.321995
0.29932
0.276644
0.256236
0.238095
0.219955
0.208617
0.197279
0.188209
0.181406
0.176871
0.174603
0.172336
0.174603
0.179138
0.188209
0.199546
0.208617
0.219955
0.231293
0.247166
0.260771
0.274376
0.287982
0.29932
0.310658
0.319728
0.328798
0.337868
0.346939
0.352381
0.358396
0.362434
0.366947
0.369048
0.371429
0.370748
0.369963
0.373016
0.376623
0.298701
0.301587
0.304029
0.306122
0.307937
0.3125
0.316527
0.320106
0.323308
0.32381
0.324263
0.324263
0.326531
0.331066
0.333333
0.335601
0.337868
0.340136
0.344671
0.351474
0.358277
0.367347
0.37415
0.38322
0.39229
0.401361
0.408163
0.414966
0.424036
0.433107
0.442177
0.451247
0.460317
0.471655
0.485261
0.501134
0.514739
0.526077
0.535147
0.544218
0.55102
0.557823
0.562358
0.564626
0.564626
0.560091
0.555556
0.55102
0.544218
0.535147
0.526077
0.519274
0.510204
0.496599
0.478458
0.455782
0.433107
0.410431
0.387755
0.362812
0.337868
0.312925
0.287982
0.265306
0.244898
0.22449
0.210884
0.197279
0.185941
0.176871
0.1678
0.160998
0.154195
0.151927
0.151927
0.156463
0.163265
0.170068
0.179138
0.190476
0.208617
0.22449
0.240363
0.256236
0.269841
0.283447
0.294785
0.306122
0.31746
0.328798
0.335714
0.343358
0.349206
0.355742
0.360119
0.365079
0.367347
0.369963
0.373016
0.376623
0.311688
0.31746
0.322344
0.326531
0.330159
0.33631
0.341737
0.346561
0.350877
0.352381
0.353741
0.358277
0.362812
0.369615
0.37415
0.378685
0.38322
0.387755
0.39229
0.399093
0.405896
0.414966
0.421769
0.430839
0.439909
0.44898
0.455782
0.462585
0.471655
0.480726
0.489796
0.498866
0.507937
0.519274
0.53288
0.546485
0.555556
0.562358
0.566893
0.571429
0.573696
0.578231
0.578231
0.575964
0.571429
0.562358
0.553288
0.544218
0.535147
0.52381
0.512472
0.505669
0.496599
0.482993
0.464853
0.442177
0.421769
0.403628
0.385488
0.365079
0.342404
0.31746
0.290249
0.267574
0.247166
0.226757
0.213152
0.199546
0.188209
0.176871
0.165533
0.156463
0.145125
0.138322
0.133787
0.133787
0.136054
0.138322
0.142857
0.14966
0.163265
0.176871
0.195011
0.213152
0.229025
0.244898
0.258503
0.274376
0.290249
0.306122
0.314286
0.323308
0.330688
0.338936
0.345238
0.352381
0.357143
0.362637
0.369048
0.376623
0.329004
0.337302
0.344322
0.35034
0.355556
0.360119
0.364146
0.367725
0.370927
0.37381
0.376417
0.385488
0.394558
0.403628
0.410431
0.417234
0.421769
0.426304
0.430839
0.437642
0.444444
0.453515
0.460317
0.469388
0.478458
0.487528
0.496599
0.505669
0.517007
0.528345
0.537415
0.546485
0.553288
0.562358
0.573696
0.582766
0.587302
0.589569
0.589569
0.589569
0.587302
0.587302
0.582766
0.575964
0.566893
0.553288
0.54195
0.530612
0.519274
0.505669
0.492063
0.482993
0.473923
0.462585
0.446712
0.426304
0.410431
0.396825
0.38322
0.367347
0.349206
0.328798
0.303855
0.281179
0.260771
0.240363
0.226757
0.210884
0.197279
0.183673
0.170068
0.15873
0.145125
0.133787
0.124717
0.120181
0.117914
0.115646
0.115646
0.117914
0.126984
0.136054
0.14966
0.1678
0.188209
0.208617
0.226757
0.247166
0.267574
0.287982
0.297619
0.308271
0.31746
0.327731
0.33631
0.346032
0.353741
0.362637
0.373016
0.385281
0.329004
0.337302
0.344322
0.35034
0.355556
0.360119
0.364146
0.367725
0.370927
0.37381
0.376417
0.385488
0.394558
0.403628
0.412698
0.421769
0.428571
0.435374
0.442177
0.451247
0.460317
0.471655
0.480726
0.492063
0.503401
0.514739
0.526077
0.537415
0.548753
0.560091
0.566893
0.573696
0.578231
0.585034
0.594104
0.598639
0.598639
0.596372
0.591837
0.587302
0.580499
0.575964
0.566893
0.555556
0.54195
0.526077
0.512472
0.498866
0.485261
0.471655
0.45805
0.451247
0.444444
0.437642
0.426304
0.410431
0.399093
0.390023
0.380952
0.369615
0.356009
0.340136
0.319728
0.301587
0.283447
0.265306
0.249433
0.231293
0.21542
0.199546
0.183673
0.170068
0.154195
0.14059
0.126984
0.117914
0.111111
0.104308
0.0997732
0.0975057
0.102041
0.108844
0.120181
0.136054
0.156463
0.179138
0.199546
0.22449
0.249433
0.274376
0.285714
0.298246
0.309524
0.322129
0.333333
0.346032
0.357143
0.369963
0.384921
0.402597
0.329004
0.337302
0.344322
0.35034
0.355556
0.360119
0.364146
0.367725
0.370927
0.37381
0.376417
0.385488
0.394558
0.403628
0.412698
0.421769
0.428571
0.435374
0.442177
0.451247
0.460317
0.469388
0.47619
0.485261
0.494331
0.503401
0.512472
0.521542
0.530612
0.539683
0.544218
0.548753
0.55102
0.555556
0.562358
0.564626
0.562358
0.557823
0.55102
0.544218
0.535147
0.528345
0.519274
0.510204
0.498866
0.485261
0.473923
0.462585
0.451247
0.439909
0.428571
0.424036
0.419501
0.417234
0.410431
0.399093
0.39229
0.387755
0.38322
0.376417
0.367347
0.356009
0.340136
0.326531
0.310658
0.294785
0.278912
0.260771
0.24263
0.22449
0.206349
0.190476
0.172336
0.156463
0.138322
0.124717
0.113379
0.102041
0.0929705
0.0861678
0.0884354
0.0929705
0.102041
0.115646
0.133787
0.154195
0.174603
0.201814
0.229025
0.258503
0.271429
0.285714
0.298942
0.313726
0.327381
0.342857
0.357143
0.373626
0.392857
0.415584
0.329004
0.337302
0.344322
0.35034
0.355556
0.360119
0.364146
0.367725
0.370927
0.37381
0.376417
0.385488
0.394558
0.403628
0.412698
0.421769
0.428571
0.435374
0.442177
0.451247
0.45805
0.464853
0.469388
0.47619
0.482993
0.489796
0.496599
0.503401
0.510204
0.517007
0.519274
0.521542
0.521542
0.52381
0.528345
0.528345
0.52381
0.517007
0.507937
0.498866
0.489796
0.485261
0.478458
0.471655
0.462585
0.451247
0.442177
0.433107
0.424036
0.414966
0.405896
0.403628
0.401361
0.403628
0.401361
0.394558
0.39229
0.39229
0.39229
0.390023
0.385488
0.376417
0.362812
0.351474
0.337868
0.324263
0.310658
0.292517
0.274376
0.256236
0.238095
0.219955
0.199546
0.181406
0.15873
0.14059
0.124717
0.108844
0.0975057
0.0884354
0.0884354
0.090703
0.0975057
0.108844
0.124717
0.142857
0.160998
0.185941
0.213152
0.24263
0.254762
0.26817
0.283069
0.29972
0.315476
0.333333
0.35034
0.369963
0.392857
0.415584
0.329004
0.337302
0.344322
0.35034
0.355556
0.360119
0.364146
0.367725
0.370927
0.37381
0.376417
0.385488
0.394558
0.403628
0.412698
0.421769
0.428571
0.435374
0.442177
0.44898
0.453515
0.45805
0.460317
0.464853
0.469388
0.473923
0.478458
0.482993
0.487528
0.492063
0.492063
0.492063
0.489796
0.489796
0.492063
0.489796
0.482993
0.473923
0.464853
0.455782
0.44898
0.446712
0.442177
0.437642
0.430839
0.421769
0.414966
0.408163
0.401361
0.394558
0.387755
0.387755
0.387755
0.394558
0.396825
0.394558
0.396825
0.401361
0.405896
0.405896
0.403628
0.396825
0.385488
0.376417
0.365079
0.353741
0.342404
0.326531
0.310658
0.292517
0.274376
0.256236
0.235828
0.217687
0.192744
0.172336
0.154195
0.136054
0.122449
0.111111
0.108844
0.108844
0.113379
0.122449
0.136054
0.151927
0.1678
0.190476
0.21542
0.24263
0.254762
0.26817
0.283069
0.29972
0.315476
0.333333
0.35034
0.369963
0.392857
0.415584
0.324675
0.329365
0.333333
0.336735
0.339683
0.345238
0.35014
0.354497
0.358396
0.361905
0.365079
0.37415
0.38322
0.39229
0.401361
0.410431
0.417234
0.424036
0.428571
0.433107
0.435374
0.439909
0.442177
0.446712
0.451247
0.455782
0.45805
0.460317
0.462585
0.464853
0.462585
0.460317
0.455782
0.453515
0.453515
0.44898
0.439909
0.430839
0.421769
0.414966
0.410431
0.410431
0.408163
0.405896
0.401361
0.394558
0.390023
0.385488
0.380952
0.376417
0.371882
0.37415
0.378685
0.390023
0.396825
0.399093
0.405896
0.414966
0.421769
0.424036
0.424036
0.419501
0.410431
0.403628
0.394558
0.385488
0.376417
0.362812
0.349206
0.333333
0.31746
0.301587
0.283447
0.265306
0.240363
0.217687
0.197279
0.176871
0.160998
0.147392
0.142857
0.14059
0.142857
0.14966
0.160998
0.174603
0.188209
0.208617
0.231293
0.256236
0.266667
0.278196
0.291005
0.305322
0.318452
0.333333
0.35034
0.369963
0.392857
0.415584
0.316017
0.31746
0.318681
0.319728
0.320635
0.324405
0.327731
0.330688
0.333333
0.335714
0.337868
0.344671
0.351474
0.358277
0.365079
0.371882
0.376417
0.380952
0.38322
0.385488
0.387755
0.39229
0.394558
0.399093
0.403628
0.408163
0.410431
0.412698
0.414966
0.417234
0.414966
0.412698
0.408163
0.405896
0.405896
0.401361
0.394558
0.387755
0.380952
0.376417
0.37415
0.376417
0.376417
0.376417
0.37415
0.369615
0.367347
0.367347
0.367347
0.367347
0.367347
0.37415
0.38322
0.399093
0.410431
0.417234
0.428571
0.439909
0.44898
0.453515
0.455782
0.453515
0.446712
0.442177
0.435374
0.428571
0.421769
0.410431
0.396825
0.380952
0.365079
0.349206
0.331066
0.312925
0.287982
0.265306
0.244898
0.22449
0.208617
0.195011
0.188209
0.183673
0.183673
0.188209
0.197279
0.208617
0.219955
0.238095
0.256236
0.276644
0.285714
0.295739
0.306878
0.319328
0.330357
0.342857
0.357143
0.373626
0.392857
0.411255
0.324675
0.321429
0.318681
0.316327
0.314286
0.315476
0.316527
0.31746
0.318296
0.319048
0.319728
0.324263
0.328798
0.333333
0.337868
0.342404
0.342404
0.342404
0.342404
0.342404
0.342404
0.344671
0.346939
0.351474
0.356009
0.360544
0.362812
0.365079
0.367347
0.369615
0.367347
0.365079
0.360544
0.358277
0.358277
0.356009
0.351474
0.346939
0.342404
0.340136
0.340136
0.344671
0.349206
0.353741
0.356009
0.356009
0.358277
0.362812
0.367347
0.371882
0.376417
0.387755
0.401361
0.421769
0.437642
0.44898
0.462585
0.47619
0.487528
0.494331
0.498866
0.498866
0.494331
0.489796
0.482993
0.47619
0.469388
0.45805
0.444444
0.428571
0.412698
0.396825
0.378685
0.360544
0.335601
0.312925
0.292517
0.272109
0.256236
0.24263
0.235828
0.231293
0.229025
0.231293
0.235828
0.24263
0.249433
0.263039
0.276644
0.292517
0.3
0.308271
0.31746
0.327731
0.33631
0.346032
0.357143
0.369963
0.384921
0.398268
0.324675
0.321429
0.318681
0.316327
0.314286
0.315476
0.316527
0.31746
0.318296
0.319048
0.319728
0.321995
0.324263
0.326531
0.328798
0.331066
0.331066
0.331066
0.331066
0.331066
0.331066
0.331066
0.331066
0.333333
0.337868
0.342404
0.344671
0.346939
0.349206
0.351474
0.351474
0.351474
0.351474
0.351474
0.353741
0.353741
0.351474
0.346939
0.342404
0.340136
0.340136
0.346939
0.356009
0.365079
0.371882
0.37415
0.378685
0.385488
0.39229
0.399093
0.405896
0.417234
0.430839
0.451247
0.469388
0.482993
0.498866
0.512472
0.52381
0.530612
0.535147
0.535147
0.530612
0.526077
0.519274
0.512472
0.505669
0.494331
0.480726
0.464853
0.44898
0.433107
0.414966
0.396825
0.371882
0.349206
0.328798
0.30839
0.294785
0.283447
0.278912
0.276644
0.276644
0.274376
0.274376
0.276644
0.278912
0.287982
0.297052
0.30839
0.314286
0.320802
0.328042
0.336134
0.342262
0.349206
0.357143
0.3663
0.376984
0.385281
0.324675
0.321429
0.318681
0.316327
0.314286
0.315476
0.316527
0.31746
0.318296
0.319048
0.319728
0.321995
0.324263
0.326531
0.328798
0.331066
0.331066
0.331066
0.331066
0.331066
0.331066
0.331066
0.331066
0.333333
0.340136
0.346939
0.351474
0.356009
0.360544
0.365079
0.367347
0.369615
0.371882
0.37415
0.378685
0.378685
0.376417
0.371882
0.367347
0.365079
0.367347
0.376417
0.387755
0.399093
0.408163
0.410431
0.414966
0.421769
0.428571
0.435374
0.442177
0.453515
0.46712
0.487528
0.505669
0.519274
0.535147
0.548753
0.560091
0.566893
0.571429
0.569161
0.562358
0.555556
0.548753
0.54195
0.535147
0.52381
0.510204
0.494331
0.478458
0.462585
0.444444
0.426304
0.401361
0.378685
0.358277
0.340136
0.328798
0.319728
0.31746
0.315193
0.315193
0.312925
0.310658
0.30839
0.306122
0.310658
0.315193
0.321995
0.32619
0.330827
0.335979
0.341737
0.345238
0.349206
0.353741
0.358974
0.365079
0.367965
0.324675
0.321429
0.318681
0.316327
0.314286
0.315476
0.316527
0.31746
0.318296
0.319048
0.319728
0.321995
0.324263
0.326531
0.328798
0.331066
0.331066
0.331066
0.331066
0.331066
0.331066
0.331066
0.333333
0.337868
0.346939
0.356009
0.362812
0.369615
0.376417
0.38322
0.387755
0.39229
0.396825
0.401361
0.408163
0.410431
0.410431
0.408163
0.405896
0.405896
0.410431
0.421769
0.435374
0.446712
0.455782
0.45805
0.462585
0.469388
0.47619
0.482993
0.489796
0.501134
0.514739
0.535147
0.553288
0.564626
0.578231
0.589569
0.598639
0.603175
0.605442
0.600907
0.591837
0.582766
0.573696
0.564626
0.557823
0.546485
0.53288
0.517007
0.501134
0.485261
0.46712
0.44898
0.424036
0.401361
0.38322
0.367347
0.358277
0.351474
0.349206
0.346939
0.346939
0.344671
0.342404
0.340136
0.337868
0.337868
0.337868
0.340136
0.342857
0.345865
0.349206
0.352941
0.354167
0.355556
0.357143
0.358974
0.361111
0.359307
0.324675
0.321429
0.318681
0.316327
0.314286
0.315476
0.316527
0.31746
0.318296
0.319048
0.319728
0.321995
0.324263
0.326531
0.328798
0.331066
0.331066
0.331066
0.331066
0.333333
0.335601
0.337868
0.342404
0.349206
0.360544
0.371882
0.380952
0.390023
0.399093
0.408163
0.414966
0.421769
0.428571
0.435374
0.444444
0.44898
0.451247
0.451247
0.451247
0.453515
0.45805
0.469388
0.482993
0.494331
0.503401
0.505669
0.510204
0.517007
0.52381
0.530612
0.537415
0.548753
0.562358
0.582766
0.598639
0.60771
0.619048
0.628118
0.634921
0.637188
0.637188
0.630385
0.619048
0.60771
0.596372
0.585034
0.575964
0.562358
0.548753
0.53288
0.517007
0.501134
0.482993
0.464853
0.439909
0.419501
0.403628
0.390023
0.38322
0.378685
0.378685
0.376417
0.376417
0.37415
0.371882
0.369615
0.367347
0.367347
0.367347
0.365079
0.366667
0.368421
0.37037
0.372549
0.372024
0.371429
0.370748
0.369963
0.369048
0.363636
0.324675
0.321429
0.318681
0.316327
0.314286
0.315476
0.316527
0.31746
0.318296
0.319048
0.319728
0.321995
0.324263
0.326531
0.328798
0.331066
0.333333
0.335601
0.337868
0.342404
0.346939
0.351474
0.358277
0.367347
0.380952
0.394558
0.405896
0.417234
0.428571
0.439909
0.44898
0.45805
0.46712
0.47619
0.487528
0.494331
0.498866
0.498866
0.498866
0.501134
0.503401
0.512472
0.52381
0.53288
0.539683
0.54195
0.544218
0.548753
0.553288
0.557823
0.562358
0.571429
0.585034
0.603175
0.61678
0.623583
0.632653
0.639456
0.643991
0.643991
0.641723
0.634921
0.623583
0.612245
0.600907
0.589569
0.578231
0.564626
0.55102
0.535147
0.521542
0.507937
0.492063
0.473923
0.451247
0.433107
0.419501
0.408163
0.403628
0.401361
0.403628
0.403628
0.403628
0.401361
0.399093
0.396825
0.394558
0.394558
0.394558
0.39229
0.395238
0.39599
0.396825
0.397759
0.395833
0.393651
0.391156
0.388278
0.384921
0.376623
0.324675
0.321429
0.318681
0.316327
0.314286
0.315476
0.316527
0.31746
0.318296
0.319048
0.319728
0.321995
0.324263
0.326531
0.331066
0.335601
0.340136
0.344671
0.349206
0.356009
0.362812
0.369615
0.378685
0.390023
0.405896
0.421769
0.435374
0.44898
0.462585
0.47619
0.487528
0.498866
0.510204
0.521542
0.535147
0.54195
0.546485
0.546485
0.546485
0.546485
0.546485
0.553288
0.562358
0.569161
0.573696
0.573696
0.573696
0.575964
0.575964
0.575964
0.575964
0.580499
0.589569
0.605442
0.61678
0.621315
0.628118
0.632653
0.634921
0.632653
0.630385
0.623583
0.612245
0.600907
0.589569
0.578231
0.566893
0.553288
0.539683
0.526077
0.514739
0.503401
0.489796
0.47619
0.455782
0.439909
0.428571
0.419501
0.417234
0.417234
0.421769
0.424036
0.426304
0.426304
0.426304
0.424036
0.421769
0.421769
0.421769
0.419501
0.42381
0.426065
0.428571
0.431373
0.428571
0.425397
0.421769
0.417582
0.412698
0.402597
0.324675
0.321429
0.318681
0.316327
0.314286
0.315476
0.316527
0.31746
0.318296
0.319048
0.319728
0.321995
0.326531
0.331066
0.337868
0.344671
0.351474
0.358277
0.365079
0.37415
0.38322
0.39229
0.403628
0.417234
0.435374
0.453515
0.469388
0.485261
0.501134
0.517007
0.530612
0.544218
0.557823
0.569161
0.580499
0.585034
0.587302
0.585034
0.582766
0.580499
0.578231
0.582766
0.589569
0.594104
0.596372
0.594104
0.589569
0.587302
0.582766
0.578231
0.573696
0.573696
0.578231
0.589569
0.598639
0.603175
0.609977
0.614512
0.61678
0.614512
0.612245
0.605442
0.594104
0.582766
0.571429
0.560091
0.548753
0.537415
0.526077
0.514739
0.505669
0.496599
0.485261
0.473923
0.45805
0.444444
0.435374
0.428571
0.428571
0.430839
0.437642
0.442177
0.446712
0.44898
0.451247
0.451247
0.451247
0.453515
0.453515
0.451247
0.457143
0.461153
0.465608
0.470588
0.470238
0.466667
0.462585
0.457875
0.452381
0.441558
0.324675
0.321429
0.318681
0.316327
0.314286
0.315476
0.316527
0.31746
0.318296
0.319048
0.319728
0.324263
0.331066
0.337868
0.346939
0.356009
0.365079
0.37415
0.38322
0.394558
0.405896
0.417234
0.430839
0.446712
0.464853
0.482993
0.498866
0.514739
0.53288
0.55102
0.566893
0.582766
0.596372
0.605442
0.614512
0.61678
0.61678
0.612245
0.60771
0.603175
0.598639
0.600907
0.605442
0.605442
0.603175
0.598639
0.591837
0.587302
0.580499
0.571429
0.562358
0.557823
0.557823
0.564626
0.571429
0.575964
0.582766
0.587302
0.589569
0.587302
0.585034
0.578231
0.566893
0.555556
0.546485
0.537415
0.528345
0.519274
0.510204
0.501134
0.494331
0.487528
0.478458
0.469388
0.455782
0.446712
0.439909
0.435374
0.437642
0.442177
0.451247
0.45805
0.464853
0.469388
0.473923
0.47619
0.478458
0.482993
0.485261
0.485261
0.492857
0.498747
0.505291
0.512605
0.514881
0.514286
0.510204
0.505495
0.5
0.489177
0.324675
0.321429
0.318681
0.316327
0.314286
0.315476
0.316527
0.31746
0.318296
0.319048
0.321995
0.328798
0.337868
0.346939
0.358277
0.369615
0.380952
0.39229
0.403628
0.417234
0.430839
0.444444
0.45805
0.471655
0.487528
0.503401
0.517007
0.530612
0.546485
0.562358
0.578231
0.591837
0.603175
0.609977
0.61678
0.61678
0.614512
0.60771
0.600907
0.594104
0.587302
0.587302
0.587302
0.585034
0.582766
0.578231
0.571429
0.566893
0.560091
0.55102
0.54195
0.535147
0.53288
0.537415
0.54195
0.544218
0.548753
0.553288
0.555556
0.553288
0.55102
0.544218
0.53288
0.52381
0.517007
0.510204
0.503401
0.496599
0.489796
0.482993
0.478458
0.473923
0.46712
0.460317
0.44898
0.442177
0.439909
0.439909
0.444444
0.451247
0.462585
0.471655
0.480726
0.487528
0.494331
0.498866
0.503401
0.510204
0.514739
0.517007
0.52619
0.533835
0.542328
0.551821
0.556548
0.55873
0.557823
0.553114
0.547619
0.536797
0.324675
0.321429
0.318681
0.316327
0.314286
0.315476
0.316527
0.31746
0.320802
0.32381
0.328798
0.337868
0.349206
0.360544
0.37415
0.387755
0.401361
0.414966
0.428571
0.442177
0.455782
0.46712
0.478458
0.489796
0.503401
0.517007
0.528345
0.539683
0.553288
0.564626
0.575964
0.585034
0.591837
0.594104
0.596372
0.591837
0.587302
0.578231
0.569161
0.560091
0.553288
0.55102
0.55102
0.548753
0.546485
0.54195
0.535147
0.530612
0.52381
0.514739
0.505669
0.498866
0.496599
0.501134
0.505669
0.507937
0.512472
0.514739
0.517007
0.514739
0.512472
0.505669
0.496599
0.489796
0.485261
0.480726
0.47619
0.471655
0.46712
0.462585
0.460317
0.45805
0.453515
0.44898
0.439909
0.435374
0.435374
0.437642
0.446712
0.455782
0.469388
0.480726
0.492063
0.501134
0.510204
0.517007
0.52381
0.53288
0.539683
0.544218
0.554762
0.56391
0.574074
0.585434
0.592262
0.596825
0.598639
0.59707
0.595238
0.584416
0.324675
0.321429
0.318681
0.316327
0.314286
0.315476
0.316527
0.320106
0.325815
0.330952
0.337868
0.349206
0.362812
0.376417
0.39229
0.408163
0.424036
0.439909
0.453515
0.464853
0.47619
0.485261
0.494331
0.503401
0.514739
0.526077
0.535147
0.544218
0.553288
0.560091
0.566893
0.571429
0.573696
0.571429
0.569161
0.560091
0.55102
0.537415
0.52381
0.512472
0.505669
0.503401
0.503401
0.501134
0.498866
0.494331
0.487528
0.482993
0.47619
0.46712
0.45805
0.451247
0.44898
0.453515
0.45805
0.460317
0.464853
0.46712
0.469388
0.469388
0.469388
0.464853
0.45805
0.453515
0.451247
0.44898
0.446712
0.444444
0.442177
0.439909
0.439909
0.439909
0.437642
0.435374
0.428571
0.426304
0.428571
0.433107
0.444444
0.455782
0.471655
0.485261
0.498866
0.510204
0.521542
0.530612
0.539683
0.55102
0.560091
0.566893
0.578571
0.588972
0.600529
0.613445
0.622024
0.628571
0.632653
0.6337
0.634921
0.627706
0.329004
0.325397
0.322344
0.319728
0.31746
0.321429
0.32493
0.330688
0.338346
0.345238
0.353741
0.365079
0.380952
0.396825
0.414966
0.433107
0.44898
0.464853
0.47619
0.485261
0.494331
0.501134
0.507937
0.514739
0.52381
0.53288
0.537415
0.54195
0.546485
0.548753
0.55102
0.55102
0.548753
0.54195
0.535147
0.521542
0.507937
0.492063
0.47619
0.464853
0.45805
0.455782
0.455782
0.453515
0.451247
0.446712
0.439909
0.435374
0.428571
0.419501
0.410431
0.403628
0.401361
0.405896
0.410431
0.412698
0.417234
0.419501
0.421769
0.424036
0.426304
0.424036
0.419501
0.417234
0.417234
0.417234
0.417234
0.417234
0.417234
0.417234
0.419501
0.421769
0.421769
0.421769
0.417234
0.417234
0.421769
0.428571
0.442177
0.455782
0.471655
0.487528
0.503401
0.517007
0.530612
0.54195
0.553288
0.566893
0.578231
0.587302
0.6
0.611529
0.624339
0.638655
0.64881
0.657143
0.663265
0.666667
0.670635
0.666667
0.329004
0.321429
0.315018
0.309524
0.307937
0.3125
0.316527
0.322751
0.330827
0.338095
0.346939
0.356009
0.369615
0.38322
0.399093
0.417234
0.430839
0.444444
0.455782
0.464853
0.473923
0.480726
0.487528
0.494331
0.503401
0.510204
0.512472
0.514739
0.517007
0.517007
0.517007
0.514739
0.510204
0.501134
0.492063
0.47619
0.462585
0.44898
0.435374
0.426304
0.421769
0.419501
0.421769
0.421769
0.421769
0.419501
0.414966
0.412698
0.408163
0.401361
0.394558
0.387755
0.385488
0.390023
0.394558
0.396825
0.401361
0.401361
0.401361
0.401361
0.401361
0.399093
0.396825
0.394558
0.394558
0.394558
0.394558
0.394558
0.394558
0.394558
0.396825
0.399093
0.401361
0.403628
0.401361
0.403628
0.410431
0.419501
0.435374
0.451247
0.469388
0.487528
0.505669
0.521542
0.537415
0.55102
0.564626
0.578231
0.589569
0.598639
0.611905
0.62406
0.637566
0.652661
0.66369
0.673016
0.680272
0.684982
0.690476
0.688312
0.337662
0.329365
0.322344
0.316327
0.314286
0.318452
0.322129
0.328042
0.33584
0.342857
0.351474
0.358277
0.369615
0.380952
0.394558
0.408163
0.421769
0.435374
0.446712
0.453515
0.460317
0.464853
0.469388
0.473923
0.480726
0.485261
0.485261
0.485261
0.485261
0.482993
0.480726
0.47619
0.469388
0.45805
0.446712
0.430839
0.419501
0.408163
0.396825
0.390023
0.387755
0.387755
0.39229
0.394558
0.396825
0.396825
0.394558
0.394558
0.39229
0.387755
0.38322
0.378685
0.376417
0.380952
0.385488
0.387755
0.390023
0.387755
0.385488
0.38322
0.380952
0.376417
0.37415
0.371882
0.371882
0.371882
0.371882
0.371882
0.371882
0.371882
0.37415
0.376417
0.378685
0.38322
0.38322
0.387755
0.396825
0.408163
0.426304
0.444444
0.464853
0.485261
0.505669
0.521542
0.537415
0.55102
0.564626
0.578231
0.589569
0.598639
0.611905
0.62406
0.637566
0.652661
0.66369
0.673016
0.680272
0.684982
0.690476
0.688312
0.337662
0.329365
0.322344
0.316327
0.314286
0.318452
0.322129
0.328042
0.33584
0.342857
0.351474
0.358277
0.369615
0.380952
0.39229
0.403628
0.414966
0.426304
0.435374
0.439909
0.444444
0.446712
0.44898
0.451247
0.455782
0.45805
0.455782
0.453515
0.451247
0.446712
0.444444
0.439909
0.433107
0.421769
0.410431
0.396825
0.387755
0.378685
0.369615
0.365079
0.365079
0.367347
0.37415
0.378685
0.38322
0.385488
0.385488
0.387755
0.387755
0.385488
0.38322
0.378685
0.376417
0.378685
0.380952
0.380952
0.380952
0.376417
0.371882
0.367347
0.362812
0.356009
0.351474
0.346939
0.346939
0.346939
0.346939
0.346939
0.346939
0.346939
0.349206
0.351474
0.353741
0.358277
0.360544
0.367347
0.378685
0.39229
0.412698
0.433107
0.455782
0.47619
0.496599
0.512472
0.528345
0.54195
0.555556
0.569161
0.580499
0.589569
0.602381
0.614035
0.626984
0.641457
0.651786
0.660317
0.666667
0.67033
0.674603
0.670996
0.337662
0.329365
0.322344
0.316327
0.314286
0.318452
0.322129
0.328042
0.33584
0.342857
0.351474
0.358277
0.369615
0.378685
0.387755
0.396825
0.405896
0.414966
0.421769
0.424036
0.426304
0.428571
0.430839
0.433107
0.437642
0.439909
0.437642
0.435374
0.433107
0.428571
0.426304
0.421769
0.414966
0.403628
0.394558
0.38322
0.376417
0.369615
0.362812
0.360544
0.362812
0.367347
0.37415
0.378685
0.38322
0.385488
0.385488
0.387755
0.387755
0.385488
0.38322
0.378685
0.376417
0.376417
0.376417
0.37415
0.371882
0.365079
0.358277
0.351474
0.344671
0.335601
0.328798
0.321995
0.319728
0.31746
0.31746
0.31746
0.31746
0.31746
0.319728
0.321995
0.324263
0.328798
0.333333
0.342404
0.356009
0.371882
0.394558
0.417234
0.439909
0.460317
0.480726
0.496599
0.512472
0.526077
0.54195
0.555556
0.566893
0.575964
0.588095
0.598997
0.611111
0.62465
0.633929
0.64127
0.646259
0.648352
0.650794
0.645022
0.337662
0.329365
0.322344
0.316327
0.314286
0.318452
0.322129
0.328042
0.33584
0.342857
0.351474
0.358277
0.367347
0.37415
0.380952
0.387755
0.394558
0.401361
0.405896
0.405896
0.408163
0.410431
0.412698
0.414966
0.419501
0.421769
0.419501
0.417234
0.414966
0.410431
0.408163
0.403628
0.396825
0.387755
0.380952
0.371882
0.367347
0.362812
0.358277
0.358277
0.362812
0.367347
0.37415
0.378685
0.38322
0.385488
0.385488
0.387755
0.387755
0.385488
0.38322
0.378685
0.376417
0.37415
0.371882
0.367347
0.362812
0.353741
0.344671
0.335601
0.326531
0.315193
0.306122
0.297052
0.292517
0.287982
0.285714
0.285714
0.285714
0.285714
0.287982
0.290249
0.292517
0.297052
0.303855
0.315193
0.331066
0.349206
0.371882
0.394558
0.417234
0.437642
0.45805
0.473923
0.489796
0.503401
0.519274
0.53288
0.544218
0.553288
0.564286
0.573935
0.584656
0.596639
0.604167
0.609524
0.612245
0.611722
0.611111
0.606061
0.337662
0.329365
0.322344
0.316327
0.314286
0.318452
0.322129
0.328042
0.33584
0.342857
0.351474
0.356009
0.362812
0.367347
0.371882
0.376417
0.380952
0.385488
0.387755
0.387755
0.390023
0.39229
0.394558
0.396825
0.401361
0.403628
0.401361
0.399093
0.396825
0.39229
0.390023
0.385488
0.380952
0.37415
0.369615
0.362812
0.360544
0.358277
0.356009
0.358277
0.362812
0.367347
0.37415
0.378685
0.38322
0.385488
0.385488
0.387755
0.387755
0.385488
0.38322
0.378685
0.376417
0.371882
0.367347
0.360544
0.353741
0.342404
0.331066
0.319728
0.30839
0.294785
0.283447
0.272109
0.265306
0.258503
0.253968
0.251701
0.249433
0.249433
0.251701
0.253968
0.256236
0.258503
0.265306
0.276644
0.292517
0.310658
0.333333
0.356009
0.378685
0.399093
0.419501
0.435374
0.451247
0.464853
0.480726
0.494331
0.505669
0.514739
0.52381
0.531328
0.539683
0.54902
0.556548
0.561905
0.564626
0.564103
0.563492
0.558442
0.337662
0.333333
0.32967
0.326531
0.326984
0.330357
0.333333
0.338624
0.345865
0.352381
0.358277
0.362812
0.367347
0.369615
0.371882
0.37415
0.376417
0.378685
0.380952
0.380952
0.38322
0.38322
0.38322
0.38322
0.385488
0.385488
0.38322
0.380952
0.378685
0.37415
0.371882
0.369615
0.367347
0.362812
0.360544
0.356009
0.356009
0.356009
0.356009
0.358277
0.362812
0.367347
0.37415
0.378685
0.38322
0.385488
0.385488
0.387755
0.387755
0.385488
0.38322
0.378685
0.37415
0.367347
0.360544
0.351474
0.342404
0.328798
0.315193
0.301587
0.287982
0.272109
0.258503
0.244898
0.235828
0.226757
0.219955
0.21542
0.210884
0.208617
0.208617
0.208617
0.208617
0.210884
0.217687
0.229025
0.244898
0.263039
0.285714
0.30839
0.331066
0.351474
0.371882
0.387755
0.403628
0.417234
0.433107
0.446712
0.45805
0.46712
0.47619
0.483709
0.492063
0.501401
0.508929
0.514286
0.517007
0.516484
0.515873
0.510823
0.337662
0.337302
0.336996
0.336735
0.339683
0.345238
0.35014
0.357143
0.365915
0.371429
0.376417
0.38322
0.390023
0.39229
0.394558
0.396825
0.399093
0.401361
0.403628
0.403628
0.403628
0.401361
0.399093
0.396825
0.396825
0.394558
0.390023
0.385488
0.380952
0.37415
0.371882
0.369615
0.367347
0.362812
0.360544
0.356009
0.356009
0.356009
0.356009
0.358277
0.362812
0.367347
0.37415
0.378685
0.38322
0.385488
0.385488
0.385488
0.38322
0.378685
0.37415
0.367347
0.360544
0.351474
0.342404
0.331066
0.319728
0.303855
0.287982
0.272109
0.256236
0.238095
0.222222
0.206349
0.195011
0.183673
0.174603
0.1678
0.163265
0.160998
0.160998
0.160998
0.160998
0.163265
0.170068
0.181406
0.197279
0.21542
0.238095
0.260771
0.283447
0.303855
0.324263
0.340136
0.356009
0.369615
0.385488
0.399093
0.412698
0.424036
0.433333
0.441103
0.449735
0.459384
0.467262
0.473016
0.47619
0.47619
0.47619
0.471861
0.350649
0.353175
0.355311
0.357143
0.361905
0.369048
0.37535
0.380952
0.388471
0.392857
0.396825
0.403628
0.410431
0.412698
0.414966
0.417234
0.421769
0.424036
0.424036
0.421769
0.419501
0.414966
0.410431
0.405896
0.403628
0.399093
0.39229
0.385488
0.380952
0.37415
0.371882
0.369615
0.367347
0.362812
0.360544
0.356009
0.356009
0.356009
0.356009
0.358277
0.362812
0.367347
0.371882
0.37415
0.376417
0.376417
0.37415
0.371882
0.367347
0.360544
0.353741
0.344671
0.335601
0.324263
0.312925
0.29932
0.285714
0.267574
0.249433
0.231293
0.213152
0.192744
0.174603
0.15873
0.147392
0.136054
0.126984
0.120181
0.115646
0.113379
0.113379
0.113379
0.113379
0.115646
0.122449
0.133787
0.14966
0.1678
0.190476
0.213152
0.235828
0.256236
0.276644
0.292517
0.310658
0.326531
0.344671
0.360544
0.376417
0.390023
0.4
0.408521
0.417989
0.428571
0.4375
0.444444
0.44898
0.450549
0.452381
0.450216
0.350649
0.353175
0.358974
0.363946
0.371429
0.377976
0.383754
0.388889
0.39599
0.4
0.403628
0.410431
0.417234
0.419501
0.421769
0.424036
0.428571
0.430839
0.430839
0.428571
0.426304
0.421769
0.417234
0.410431
0.403628
0.394558
0.385488
0.376417
0.369615
0.360544
0.356009
0.351474
0.346939
0.342404
0.340136
0.335601
0.335601
0.335601
0.335601
0.337868
0.342404
0.344671
0.346939
0.346939
0.346939
0.346939
0.344671
0.342404
0.337868
0.331066
0.324263
0.315193
0.306122
0.294785
0.281179
0.265306
0.249433
0.231293
0.213152
0.195011
0.176871
0.156463
0.138322
0.122449
0.111111
0.0997732
0.090703
0.0839002
0.0793651
0.0770975
0.0770975
0.0770975
0.0770975
0.0793651
0.0861678
0.0975057
0.113379
0.131519
0.151927
0.172336
0.192744
0.210884
0.229025
0.247166
0.267574
0.285714
0.306122
0.324263
0.342404
0.358277
0.369048
0.378446
0.388889
0.40056
0.410714
0.419048
0.42517
0.428571
0.43254
0.4329
0.350649
0.353175
0.358974
0.363946
0.371429
0.377976
0.383754
0.388889
0.39599
0.4
0.403628
0.410431
0.417234
0.419501
0.421769
0.424036
0.428571
0.430839
0.430839
0.428571
0.426304
0.421769
0.417234
0.410431
0.401361
0.390023
0.378685
0.367347
0.358277
0.346939
0.340136
0.333333
0.326531
0.319728
0.315193
0.310658
0.310658
0.310658
0.310658
0.312925
0.315193
0.315193
0.315193
0.312925
0.310658
0.310658
0.30839
0.306122
0.301587
0.294785
0.287982
0.278912
0.269841
0.258503
0.244898
0.229025
0.213152
0.195011
0.176871
0.15873
0.14059
0.122449
0.106576
0.0929705
0.0816327
0.0702948
0.0612245
0.0544218
0.0498866
0.047619
0.047619
0.047619
0.047619
0.0498866
0.0566893
0.0680272
0.0839002
0.0997732
0.117914
0.136054
0.154195
0.172336
0.190476
0.208617
0.229025
0.249433
0.272109
0.292517
0.312925
0.331066
0.342857
0.353383
0.365079
0.378151
0.389881
0.4
0.408163
0.413919
0.420635
0.424242
0.350649
0.353175
0.358974
0.363946
0.371429
0.377976
0.383754
0.388889
0.39599
0.4
0.403628
0.410431
0.417234
0.419501
0.421769
0.424036
0.428571
0.430839
0.430839
0.428571
0.426304
0.421769
0.414966
0.405896
0.394558
0.380952
0.367347
0.353741
0.342404
0.328798
0.319728
0.310658
0.301587
0.292517
0.285714
0.278912
0.276644
0.274376
0.272109
0.272109
0.272109
0.269841
0.267574
0.265306
0.263039
0.263039
0.260771
0.258503
0.253968
0.247166
0.240363
0.231293
0.222222
0.210884
0.197279
0.183673
0.170068
0.154195
0.138322
0.122449
0.106576
0.090703
0.0770975
0.0657596
0.0566893
0.047619
0.0385488
0.031746
0.0272109
0.0249433
0.0249433
0.0249433
0.0249433
0.0272109
0.0340136
0.0453515
0.0589569
0.0725624
0.0884354
0.104308
0.122449
0.14059
0.15873
0.176871
0.197279
0.217687
0.240363
0.263039
0.285714
0.306122
0.319048
0.330827
0.343915
0.358543
0.372024
0.384127
0.394558
0.40293
0.412698
0.419913
0.350649
0.353175
0.358974
0.363946
0.371429
0.377976
0.383754
0.388889
0.39599
0.4
0.403628
0.410431
0.417234
0.419501
0.421769
0.424036
0.428571
0.430839
0.430839
0.426304
0.421769
0.414966
0.405896
0.394558
0.380952
0.365079
0.349206
0.333333
0.319728
0.303855
0.292517
0.281179
0.269841
0.258503
0.249433
0.240363
0.235828
0.231293
0.226757
0.22449
0.22449
0.222222
0.219955
0.217687
0.21542
0.21542
0.213152
0.210884
0.206349
0.199546
0.192744
0.183673
0.174603
0.163265
0.151927
0.14059
0.129252
0.115646
0.102041
0.0884354
0.0748299
0.0612245
0.0498866
0.0408163
0.0340136
0.0272109
0.0204082
0.015873
0.0113379
0.00907029
0.00907029
0.00907029
0.00907029
0.0113379
0.0181406
0.0272109
0.0385488
0.0498866
0.0634921
0.0770975
0.0929705
0.111111
0.129252
0.147392
0.1678
0.188209
0.210884
0.23356
0.256236
0.278912
0.292857
0.305764
0.320106
0.336134
0.35119
0.365079
0.377551
0.388278
0.400794
0.411255
0.350649
0.353175
0.358974
0.363946
0.371429
0.377976
0.383754
0.388889
0.39599
0.4
0.403628
0.410431
0.417234
0.419501
0.421769
0.424036
0.426304
0.426304
0.424036
0.417234
0.410431
0.401361
0.390023
0.376417
0.360544
0.342404
0.324263
0.306122
0.290249
0.272109
0.258503
0.244898
0.231293
0.217687
0.206349
0.195011
0.188209
0.183673
0.179138
0.176871
0.176871
0.174603
0.172336
0.170068
0.1678
0.1678
0.165533
0.163265
0.15873
0.151927
0.145125
0.136054
0.126984
0.117914
0.108844
0.0997732
0.090703
0.0793651
0.0680272
0.0566893
0.0453515
0.0340136
0.0249433
0.0181406
0.0136054
0.00907029
0.00453515
0.00226757
0
0
0
0
0
0.00226757
0.00680272
0.0136054
0.0226757
0.031746
0.0430839
0.0544218
0.0680272
0.0839002
0.102041
0.120181
0.14059
0.160998
0.183673
0.206349
0.229025
0.251701
0.264286
0.278196
0.293651
0.310924
0.327381
0.342857
0.357143
0.369963
0.384921
0.398268
0.350649
0.353175
0.358974
0.363946
0.371429
0.377976
0.383754
0.388889
0.39599
0.4
0.403628
0.410431
0.417234
0.419501
0.419501
0.419501
0.419501
0.417234
0.412698
0.403628
0.394558
0.38322
0.369615
0.353741
0.335601
0.315193
0.294785
0.274376
0.256236
0.235828
0.219955
0.204082
0.188209
0.172336
0.15873
0.147392
0.14059
0.136054
0.131519
0.129252
0.129252
0.126984
0.124717
0.122449
0.120181
0.120181
0.117914
0.115646
0.113379
0.108844
0.104308
0.0975057
0.090703
0.0839002
0.0770975
0.0702948
0.0634921
0.0544218
0.0453515
0.0362812
0.0272109
0.0181406
0.0113379
0.00680272
0.00453515
0.00226757
0
0
0
0
0
0
0
0
0.00226757
0.00680272
0.0136054
0.0204082
0.0294785
0.0385488
0.0498866
0.0634921
0.0793651
0.0952381
0.113379
0.133787
0.156463
0.179138
0.201814
0.22449
0.235714
0.24812
0.261905
0.277311
0.294643
0.311111
0.326531
0.340659
0.357143
0.372294
0.350649
0.353175
0.358974
0.363946
0.371429
0.377976
0.383754
0.388889
0.39599
0.4
0.403628
0.410431
0.414966
0.414966
0.412698
0.410431
0.408163
0.403628
0.396825
0.385488
0.37415
0.360544
0.344671
0.326531
0.306122
0.283447
0.260771
0.238095
0.217687
0.195011
0.176871
0.15873
0.14059
0.124717
0.111111
0.0997732
0.0929705
0.0884354
0.0839002
0.0816327
0.0816327
0.0793651
0.0770975
0.0748299
0.0725624
0.0725624
0.0725624
0.0725624
0.0725624
0.0702948
0.0680272
0.0634921
0.0589569
0.0544218
0.0498866
0.0453515
0.0408163
0.0340136
0.0272109
0.0204082
0.0136054
0.00680272
0.00226757
0
0
0
0
0
0
0
0
0
0
0
0
0.00226757
0.00680272
0.0113379
0.0181406
0.0249433
0.0340136
0.0453515
0.0589569
0.0725624
0.0884354
0.106576
0.126984
0.147392
0.170068
0.192744
0.202381
0.213033
0.224868
0.238095
0.252976
0.269841
0.285714
0.300366
0.31746
0.333333
0.350649
0.353175
0.358974
0.363946
0.371429
0.377976
0.383754
0.388889
0.39599
0.4
0.403628
0.408163
0.410431
0.408163
0.403628
0.399093
0.394558
0.387755
0.378685
0.365079
0.351474
0.335601
0.31746
0.297052
0.276644
0.253968
0.23356
0.213152
0.192744
0.170068
0.151927
0.131519
0.113379
0.0975057
0.0839002
0.0725624
0.0657596
0.0612245
0.0566893
0.0544218
0.0544218
0.0521542
0.0498866
0.0498866
0.0498866
0.0498866
0.0498866
0.047619
0.0453515
0.0430839
0.0408163
0.0362812
0.0340136
0.0340136
0.0340136
0.0340136
0.0340136
0.031746
0.0294785
0.0272109
0.0249433
0.0226757
0.0226757
0.0226757
0.0226757
0.0226757
0.0226757
0.0226757
0.0226757
0.0226757
0.0226757
0.0226757
0.0226757
0.0226757
0.0204082
0.0181406
0.0181406
0.0181406
0.0204082
0.0226757
0.0272109
0.0340136
0.0430839
0.0521542
0.0657596
0.0816327
0.0997732
0.117914
0.138322
0.15873
0.166667
0.175439
0.185185
0.196078
0.208333
0.222222
0.238095
0.252747
0.269841
0.285714
0.350649
0.353175
0.358974
0.363946
0.371429
0.377976
0.383754
0.388889
0.39599
0.4
0.401361
0.403628
0.403628
0.399093
0.39229
0.385488
0.378685
0.369615
0.358277
0.342404
0.326531
0.30839
0.290249
0.269841
0.249433
0.229025
0.210884
0.192744
0.174603
0.154195
0.136054
0.117914
0.0997732
0.0839002
0.0702948
0.0589569
0.0521542
0.047619
0.0430839
0.0408163
0.0408163
0.0385488
0.0385488
0.0385488
0.0385488
0.0385488
0.0362812
0.031746
0.0272109
0.0249433
0.0226757
0.0204082
0.0204082
0.0249433
0.0294785
0.0340136
0.0385488
0.0408163
0.0430839
0.0453515
0.047619
0.0498866
0.0544218
0.0566893
0.0566893
0.0566893
0.0566893
0.0566893
0.0566893
0.0566893
0.0544218
0.0521542
0.0498866
0.047619
0.0430839
0.0385488
0.0340136
0.0294785
0.0272109
0.0249433
0.0249433
0.0272109
0.031746
0.0362812
0.0453515
0.0589569
0.0748299
0.090703
0.108844
0.126984
0.133333
0.140351
0.148148
0.156863
0.166667
0.177778
0.190476
0.205128
0.222222
0.238095
0.368182
0.370833
0.376923
0.382143
0.39
0.396875
0.402941
0.408333
0.413158
0.415
0.414286
0.414286
0.411905
0.404762
0.395238
0.385714
0.37619
0.364286
0.35
0.330952
0.311905
0.292857
0.27381
0.252381
0.230952
0.209524
0.190476
0.171429
0.152381
0.133333
0.116667
0.1
0.0833333
0.0690476
0.0571429
0.047619
0.0404762
0.0357143
0.0309524
0.0285714
0.0285714
0.0285714
0.0285714
0.0285714
0.0285714
0.0285714
0.0261905
0.0214286
0.0166667
0.0142857
0.0119048
0.00952381
0.00952381
0.0142857
0.0190476
0.0238095
0.0285714
0.0333333
0.0380952
0.0428571
0.047619
0.052381
0.0571429
0.0595238
0.0595238
0.0595238
0.0595238
0.0595238
0.0595238
0.0595238
0.0571429
0.0547619
0.052381
0.05
0.0452381
0.0404762
0.0357143
0.0309524
0.0261905
0.0214286
0.0190476
0.0190476
0.0214286
0.0238095
0.0309524
0.0428571
0.0571429
0.0714286
0.0880952
0.104762
0.11
0.115789
0.122222
0.129412
0.1375
0.146667
0.157143
0.169231
0.183333
0.2
0.38756
0.390351
0.396761
0.402256
0.410526
0.417763
0.424149
0.426901
0.429363
0.428947
0.426065
0.423559
0.418546
0.408521
0.39599
0.383459
0.370927
0.35589
0.338346
0.318296
0.298246
0.278196
0.258145
0.235589
0.213033
0.190476
0.170426
0.150376
0.132832
0.115288
0.100251
0.085213
0.0701754
0.0576441
0.047619
0.0401003
0.0350877
0.0325815
0.0300752
0.0300752
0.0300752
0.0300752
0.0300752
0.0300752
0.0300752
0.0300752
0.0275689
0.0225564
0.0175439
0.0150376
0.0125313
0.0100251
0.0100251
0.0150376
0.0200501
0.0250627
0.0300752
0.0350877
0.0401003
0.0451128
0.0501253
0.0551378
0.0601504
0.0626566
0.0626566
0.0626566
0.0626566
0.0626566
0.0626566
0.0626566
0.0601504
0.0576441
0.0551378
0.0526316
0.047619
0.0426065
0.037594
0.0325815
0.0275689
0.0225564
0.0175439
0.0150376
0.0150376
0.0150376
0.0200501
0.0300752
0.0426065
0.0551378
0.0701754
0.085213
0.0894737
0.0941828
0.0994152
0.105263
0.111842
0.119298
0.12782
0.137652
0.149123
0.162679
0.40404
0.407407
0.41453
0.420635
0.42963
0.434028
0.437909
0.438272
0.438596
0.436111
0.431217
0.428571
0.420635
0.407407
0.391534
0.375661
0.359788
0.34127
0.322751
0.301587
0.280423
0.259259
0.238095
0.214286
0.190476
0.166667
0.148148
0.12963
0.113757
0.0978836
0.0846561
0.0714286
0.0582011
0.047619
0.0396825
0.0343915
0.031746
0.031746
0.031746
0.031746
0.031746
0.031746
0.031746
0.031746
0.031746
0.031746
0.0291005
0.0238095
0.0185185
0.015873
0.0132275
0.010582
0.010582
0.015873
0.021164
0.026455
0.031746
0.037037
0.042328
0.047619
0.0529101
0.0582011
0.0634921
0.0661376
0.0661376
0.0661376
0.0661376
0.0661376
0.0661376
0.0661376
0.0634921
0.0608466
0.0582011
0.0555556
0.0502645
0.0449735
0.0396825
0.0343915
0.0291005
0.0238095
0.0185185
0.0132275
0.010582
0.00793651
0.010582
0.0185185
0.0291005
0.0396825
0.0529101
0.0661376
0.0694444
0.0730994
0.0771605
0.0816993
0.0868056
0.0925926
0.0992064
0.106838
0.115741
0.126263
0.406417
0.411765
0.420814
0.428571
0.435294
0.4375
0.439446
0.437909
0.436532
0.432353
0.42577
0.422969
0.414566
0.40056
0.383754
0.364146
0.347339
0.327731
0.308123
0.285714
0.263305
0.240896
0.218487
0.193277
0.168067
0.145658
0.128852
0.112045
0.0980392
0.0840336
0.0728291
0.0616246
0.0504202
0.0420168
0.0364146
0.0336134
0.0336134
0.0336134
0.0336134
0.0336134
0.0336134
0.0336134
0.0336134
0.0336134
0.0336134
0.0336134
0.0308123
0.0252101
0.0196078
0.0168067
0.0140056
0.0112045
0.0112045
0.0168067
0.022409
0.0280112
0.0336134
0.0392157
0.0448179
0.0504202
0.0560224
0.0616246
0.0672269
0.070028
0.070028
0.070028
0.070028
0.070028
0.070028
0.070028
0.0672269
0.0644258
0.0616246
0.0588235
0.0532213
0.047619
0.0420168
0.0364146
0.0308123
0.0252101
0.0196078
0.0140056
0.00840336
0.00280112
0.00280112
0.00840336
0.0168067
0.0252101
0.0364146
0.047619
0.05
0.0526316
0.0555556
0.0588235
0.0625
0.0666667
0.0714286
0.0769231
0.0833333
0.0909091
0.386364
0.390625
0.399038
0.40625
0.4125
0.414063
0.415441
0.413194
0.411184
0.40625
0.39881
0.395833
0.386905
0.372024
0.354167
0.33631
0.318452
0.297619
0.276786
0.255952
0.235119
0.214286
0.193452
0.169643
0.145833
0.125
0.110119
0.0952381
0.0833333
0.0714286
0.0625
0.0535714
0.0446429
0.0386905
0.0357143
0.0357143
0.0357143
0.0357143
0.0357143
0.0357143
0.0357143
0.0357143
0.0357143
0.0357143
0.0357143
0.0357143
0.0327381
0.0267857
0.0208333
0.0178571
0.014881
0.0119048
0.0119048
0.0178571
0.0238095
0.0297619
0.0357143
0.0416667
0.047619
0.0535714
0.0595238
0.0654762
0.0714286
0.0744048
0.0744048
0.0744048
0.0744048
0.0744048
0.0744048
0.0744048
0.0714286
0.0684524
0.0654762
0.0625
0.0565476
0.0505952
0.0446429
0.0386905
0.0327381
0.0267857
0.0208333
0.014881
0.00892857
0.00297619
0
0.00297619
0.00892857
0.014881
0.0238095
0.0327381
0.034375
0.0361842
0.0381944
0.0404412
0.0429688
0.0458333
0.0491071
0.0528846
0.0572917
0.0625
0.345455
0.35
0.358974
0.366667
0.373333
0.375
0.376471
0.374074
0.37193
0.366667
0.35873
0.355556
0.346032
0.330159
0.314286
0.298413
0.28254
0.263492
0.244444
0.225397
0.206349
0.187302
0.168254
0.146032
0.12381
0.104762
0.0920635
0.0793651
0.0698413
0.0603175
0.0539683
0.047619
0.0412698
0.0380952
0.0380952
0.0380952
0.0380952
0.0380952
0.0380952
0.0380952
0.0380952
0.0380952
0.0380952
0.0380952
0.0380952
0.0380952
0.0349206
0.0285714
0.0222222
0.0190476
0.015873
0.0126984
0.0126984
0.0190476
0.0253968
0.031746
0.0380952
0.0444444
0.0507937
0.0571429
0.0634921
0.0698413
0.0761905
0.0793651
0.0793651
0.0793651
0.0793651
0.0793651
0.0793651
0.0793651
0.0761905
0.0730159
0.0698413
0.0666667
0.0603175
0.0539683
0.047619
0.0412698
0.0349206
0.0285714
0.0222222
0.015873
0.00952381
0.0031746
0
0
0.0031746
0.00634921
0.0126984
0.0190476
0.02
0.0210526
0.0222222
0.0235294
0.025
0.0266667
0.0285714
0.0307692
0.0333333
0.0363636
0.298701
0.303571
0.313187
0.321429
0.328571
0.330357
0.331933
0.329365
0.327068
0.321429
0.312925
0.309524
0.29932
0.285714
0.272109
0.258503
0.244898
0.227891
0.210884
0.193878
0.176871
0.159864
0.142857
0.122449
0.102041
0.085034
0.0748299
0.0646259
0.0578231
0.0510204
0.047619
0.0442177
0.0408163
0.0408163
0.0408163
0.0408163
0.0408163
0.0408163
0.0408163
0.0408163
0.0408163
0.0408163
0.0408163
0.0408163
0.0408163
0.0408163
0.037415
0.0306122
0.0238095
0.0204082
0.0170068
0.0136054
0.0136054
0.0204082
0.0272109
0.0340136
0.0408163
0.047619
0.0544218
0.0612245
0.0680272
0.0748299
0.0816327
0.085034
0.085034
0.085034
0.085034
0.085034
0.085034
0.085034
0.0816327
0.0782313
0.0748299
0.0714286
0.0646259
0.0578231
0.0510204
0.0442177
0.037415
0.0306122
0.0238095
0.0170068
0.0102041
0.00340136
0
0
0
0
0.00340136
0.00680272
0.00714286
0.0075188
0.00793651
0.00840336
0.00892857
0.00952381
0.0102041
0.010989
0.0119048
0.012987
0.244755
0.25
0.260355
0.269231
0.276923
0.278846
0.280543
0.277778
0.275304
0.269231
0.260073
0.25641
0.249084
0.238095
0.227106
0.216117
0.205128
0.190476
0.175824
0.161172
0.14652
0.131868
0.117216
0.0989011
0.0805861
0.0659341
0.0586081
0.0512821
0.047619
0.043956
0.043956
0.043956
0.043956
0.043956
0.043956
0.043956
0.043956
0.043956
0.043956
0.043956
0.043956
0.043956
0.043956
0.043956
0.043956
0.043956
0.040293
0.032967
0.025641
0.021978
0.018315
0.014652
0.014652
0.021978
0.029304
0.03663
0.043956
0.0512821
0.0586081
0.0659341
0.0732601
0.0805861
0.0879121
0.0915751
0.0915751
0.0915751
0.0915751
0.0915751
0.0915751
0.0915751
0.0879121
0.0842491
0.0805861
0.0769231
0.0695971
0.0622711
0.0549451
0.047619
0.040293
0.032967
0.025641
0.018315
0.010989
0.003663
0
0
0
0
0
0
0
0
0
0
0
0
0
0
0
0
0.181818
0.1875
0.198718
0.208333
0.216667
0.21875
0.220588
0.217593
0.214912
0.208333
0.198413
0.198413
0.194444
0.186508
0.178571
0.170635
0.162698
0.150794
0.138889
0.126984
0.115079
0.103175
0.0912698
0.0753968
0.0595238
0.047619
0.0436508
0.0396825
0.0396825
0.0396825
0.0436508
0.047619
0.047619
0.047619
0.047619
0.047619
0.047619
0.047619
0.047619
0.047619
0.047619
0.047619
0.047619
0.047619
0.047619
0.047619
0.0436508
0.0357143
0.0277778
0.0238095
0.0198413
0.015873
0.015873
0.0238095
0.031746
0.0396825
0.047619
0.0555556
0.0634921
0.0714286
0.0793651
0.0873016
0.0952381
0.0992064
0.0992064
0.0992064
0.0992064
0.0992064
0.0992064
0.0992064
0.0952381
0.0912698
0.0873016
0.0833333
0.0753968
0.0674603
0.0595238
0.0515873
0.0436508
0.0357143
0.0277778
0.0198413
0.0119048
0.00396825
0
0
0
0
0
0
0
0
0
0
0
0
0
0
0
0
0.115702
0.121212
0.132867
0.142857
0.151515
0.153409
0.15508
0.151515
0.148325
0.140909
0.134199
0.134199
0.134199
0.12987
0.125541
0.121212
0.116883
0.108225
0.0995671
0.0909091
0.0822511
0.0735931
0.0649351
0.0519481
0.038961
0.030303
0.030303
0.030303
0.034632
0.038961
0.047619
0.0519481
0.0519481
0.0519481
0.0519481
0.0519481
0.0519481
0.0519481
0.0519481
0.0519481
0.0519481
0.0519481
0.0519481
0.0519481
0.0519481
0.0519481
0.047619
0.038961
0.030303
0.025974
0.021645
0.017316
0.017316
0.025974
0.034632
0.04329
0.0519481
0.0606061
0.0692641
0.0779221
0.0865801
0.0952381
0.103896
0.108225
0.108225
0.108225
0.108225
0.108225
0.108225
0.108225
0.103896
0.0995671
0.0952381
0.0909091
0.0822511
0.0735931
0.0649351
0.0562771
0.047619
0.038961
0.030303
0.021645
0.012987
0.004329
0
0
0
0
0
0
0
0
0
0
0
0
0
0
0
0
