soft_data.dat  [! GSX1 CG=100*100*1
1
data ( 15x15x1 moving average; [0,1] )
0.75
0.708333
0.675
0.636364
0.614583
0.596154
0.580357
0.566667
0.525
0.483333
0.45
0.433333
0.425
0.433333
0.458333
0.483333
0.525
0.566667
0.616667
0.658333
0.691667
0.716667
0.741667
0.766667
0.791667
0.808333
0.808333
0.8
0.783333
0.766667
0.75
0.725
0.7
0.683333
0.658333
0.641667
0.641667
0.65
0.666667
0.683333
0.708333
0.741667
0.775
0.808333
0.833333
0.858333
0.883333
0.908333
0.925
0.95
0.975
0.991667
1
1
1
0.991667
0.983333
0.983333
0.983333
0.983333
0.983333
0.983333
0.983333
0.975
0.958333
0.933333
0.9
0.866667
0.825
0.783333
0.75
0.716667
0.683333
0.65
0.625
0.6
0.583333
0.566667
0.55
0.525
0.516667
0.516667
0.516667
0.533333
0.533333
0.525
0.516667
0.491667
0.458333
0.416667
0.375
0.325
0.275
0.25
0.240385
0.21875
0.193182
0.1625
0.111111
0.078125
0.666667
0.62963
0.6
0.565657
0.546296
0.529915
0.515873
0.503704
0.466667
0.42963
0.4
0.385185
0.377778
0.385185
0.407407
0.42963
0.466667
0.511111
0.562963
0.607407
0.644444
0.674074
0.703704
0.733333
0.762963
0.785185
0.792593
0.792593
0.785185
0.777778
0.77037
0.755556
0.733333
0.718518
0.696296
0.681481
0.681481
0.688889
0.703704
0.718518
0.740741
0.77037
0.8
0.82963
0.851852
0.874074
0.888889
0.903704
0.911111
0.933333
0.955556
0.97037
0.977778
0.977778
0.977778
0.97037
0.962963
0.962963
0.962963
0.962963
0.955556
0.955556
0.955556
0.948148
0.925926
0.896296
0.859259
0.822222
0.777778
0.733333
0.696296
0.659259
0.622222
0.585185
0.555556
0.533333
0.518519
0.503704
0.488889
0.466667
0.459259
0.459259
0.459259
0.474074
0.474074
0.466667
0.459259
0.437037
0.407407
0.37037
0.333333
0.288889
0.244444
0.222222
0.213675
0.194444
0.171717
0.144444
0.0987654
0.0694444
0.6
0.566667
0.54
0.509091
0.491667
0.476923
0.464286
0.453333
0.42
0.386667
0.36
0.346667
0.34
0.346667
0.366667
0.386667
0.42
0.46
0.506667
0.546667
0.58
0.613333
0.646667
0.68
0.713333
0.74
0.753333
0.76
0.76
0.76
0.76
0.753333
0.74
0.733333
0.72
0.713333
0.713333
0.713333
0.72
0.726667
0.74
0.76
0.78
0.8
0.813333
0.826667
0.833333
0.84
0.84
0.853333
0.866667
0.873333
0.88
0.88
0.88
0.873333
0.866667
0.866667
0.866667
0.866667
0.86
0.86
0.86
0.853333
0.833333
0.806667
0.773333
0.74
0.7
0.66
0.626667
0.593333
0.56
0.526667
0.5
0.48
0.466667
0.453333
0.44
0.42
0.413333
0.413333
0.413333
0.426667
0.426667
0.42
0.413333
0.393333
0.366667
0.333333
0.3
0.26
0.22
0.2
0.192308
0.175
0.154545
0.13
0.0888889
0.0625
0.545455
0.515152
0.490909
0.46281
0.44697
0.433566
0.422078
0.412121
0.381818
0.351515
0.327273
0.315152
0.309091
0.315152
0.333333
0.351515
0.381818
0.418182
0.460606
0.49697
0.527273
0.557576
0.587879
0.618182
0.654545
0.684848
0.70303
0.715151
0.721212
0.727273
0.733333
0.733333
0.727273
0.727273
0.721212
0.715151
0.715151
0.715151
0.721212
0.721212
0.727273
0.739394
0.751515
0.763636
0.769697
0.775758
0.775758
0.775758
0.769697
0.775758
0.787879
0.793939
0.8
0.8
0.8
0.793939
0.787879
0.787879
0.787879
0.787879
0.781818
0.781818
0.781818
0.775758
0.757576
0.733333
0.70303
0.672727
0.636364
0.6
0.569697
0.539394
0.509091
0.478788
0.454545
0.436364
0.424242
0.412121
0.4
0.381818
0.375758
0.375758
0.375758
0.387879
0.387879
0.381818
0.375758
0.357576
0.333333
0.30303
0.272727
0.236364
0.2
0.181818
0.174825
0.159091
0.140496
0.118182
0.0808081
0.0568182
0.5
0.472222
0.45
0.424242
0.409722
0.397436
0.386905
0.377778
0.35
0.322222
0.3
0.288889
0.283333
0.288889
0.305556
0.322222
0.35
0.383333
0.422222
0.455556
0.483333
0.511111
0.538889
0.566667
0.6
0.627778
0.65
0.666667
0.677778
0.683333
0.688889
0.688889
0.683333
0.683333
0.677778
0.672222
0.672222
0.672222
0.677778
0.677778
0.683333
0.688889
0.694444
0.7
0.705556
0.711111
0.711111
0.711111
0.705556
0.711111
0.722222
0.727778
0.733333
0.733333
0.733333
0.727778
0.722222
0.722222
0.722222
0.722222
0.716667
0.716667
0.716667
0.711111
0.694444
0.672222
0.644444
0.616667
0.583333
0.55
0.522222
0.494444
0.466667
0.438889
0.416667
0.4
0.388889
0.377778
0.366667
0.35
0.344444
0.344444
0.344444
0.355556
0.355556
0.35
0.344444
0.327778
0.305556
0.277778
0.25
0.216667
0.183333
0.166667
0.160256
0.145833
0.128788
0.108333
0.0740741
0.0520833
0.461538
0.435897
0.415385
0.391608
0.378205
0.366864
0.357143
0.348718
0.323077
0.297436
0.276923
0.266667
0.261538
0.266667
0.282051
0.297436
0.323077
0.353846
0.389744
0.420513
0.446154
0.471795
0.497436
0.523077
0.553846
0.579487
0.6
0.615385
0.625641
0.630769
0.635897
0.635897
0.630769
0.630769
0.625641
0.620513
0.620513
0.620513
0.625641
0.625641
0.630769
0.635897
0.641026
0.646154
0.651282
0.65641
0.65641
0.65641
0.651282
0.65641
0.666667
0.671795
0.676923
0.676923
0.676923
0.671795
0.666667
0.666667
0.666667
0.666667
0.661538
0.661538
0.661538
0.65641
0.641026
0.620513
0.594872
0.569231
0.538462
0.507692
0.482051
0.45641
0.430769
0.405128
0.384615
0.369231
0.358974
0.348718
0.338462
0.323077
0.317949
0.317949
0.317949
0.328205
0.328205
0.323077
0.317949
0.302564
0.282051
0.25641
0.230769
0.2
0.169231
0.153846
0.147929
0.134615
0.118881
0.1
0.0683761
0.0480769
0.428571
0.404762
0.385714
0.363636
0.35119
0.340659
0.331633
0.32381
0.3
0.27619
0.257143
0.247619
0.242857
0.247619
0.261905
0.27619
0.3
0.328571
0.361905
0.390476
0.414286
0.438095
0.461905
0.485714
0.514286
0.538095
0.557143
0.571429
0.580952
0.585714
0.590476
0.590476
0.585714
0.585714
0.580952
0.57619
0.57619
0.57619
0.580952
0.580952
0.585714
0.590476
0.595238
0.6
0.604762
0.609524
0.609524
0.609524
0.604762
0.609524
0.619048
0.62381
0.628571
0.628571
0.628571
0.62381
0.619048
0.619048
0.619048
0.619048
0.614286
0.614286
0.614286
0.609524
0.595238
0.57619
0.552381
0.528571
0.5
0.471429
0.447619
0.42381
0.4
0.37619
0.357143
0.342857
0.333333
0.32381
0.314286
0.3
0.295238
0.295238
0.295238
0.304762
0.304762
0.3
0.295238
0.280952
0.261905
0.238095
0.214286
0.185714
0.157143
0.142857
0.137363
0.125
0.11039
0.0928571
0.0634921
0.0446429
0.4
0.377778
0.36
0.339394
0.327778
0.317949
0.309524
0.302222
0.28
0.257778
0.24
0.231111
0.226667
0.231111
0.244444
0.257778
0.28
0.306667
0.337778
0.364444
0.386667
0.408889
0.431111
0.453333
0.48
0.502222
0.52
0.533333
0.542222
0.546667
0.551111
0.551111
0.546667
0.546667
0.542222
0.537778
0.537778
0.537778
0.542222
0.542222
0.546667
0.551111
0.555556
0.56
0.564444
0.568889
0.568889
0.568889
0.564444
0.568889
0.577778
0.582222
0.586667
0.586667
0.586667
0.582222
0.577778
0.577778
0.577778
0.577778
0.573333
0.573333
0.573333
0.568889
0.555556
0.537778
0.515556
0.493333
0.466667
0.44
0.417778
0.395556
0.373333
0.351111
0.333333
0.32
0.311111
0.302222
0.293333
0.28
0.275556
0.275556
0.275556
0.284444
0.284444
0.28
0.275556
0.262222
0.244444
0.222222
0.2
0.173333
0.146667
0.133333
0.128205
0.116667
0.10303
0.0866667
0.0592593
0.0416667
0.333333
0.311111
0.293333
0.272727
0.261111
0.251282
0.242857
0.235556
0.213333
0.191111
0.173333
0.164444
0.16
0.164444
0.177778
0.191111
0.213333
0.24
0.271111
0.297778
0.324444
0.351111
0.377778
0.404444
0.435556
0.462222
0.484444
0.502222
0.515556
0.524444
0.533333
0.537778
0.537778
0.542222
0.542222
0.537778
0.537778
0.537778
0.537778
0.533333
0.533333
0.533333
0.533333
0.533333
0.533333
0.533333
0.528889
0.524444
0.515556
0.515556
0.52
0.52
0.52
0.52
0.52
0.52
0.52
0.52
0.52
0.52
0.515556
0.515556
0.515556
0.511111
0.497778
0.48
0.457778
0.435556
0.408889
0.382222
0.355556
0.328889
0.306667
0.284444
0.266667
0.253333
0.244444
0.24
0.235556
0.226667
0.226667
0.231111
0.235556
0.244444
0.244444
0.24
0.235556
0.222222
0.208889
0.191111
0.173333
0.151111
0.124444
0.109524
0.102564
0.0888889
0.0727273
0.0533333
0.0296296
0.0166667
0.266667
0.244444
0.226667
0.206061
0.194444
0.184615
0.17619
0.168889
0.146667
0.124444
0.106667
0.0977778
0.0933333
0.0977778
0.111111
0.124444
0.146667
0.173333
0.204444
0.231111
0.257778
0.288889
0.32
0.351111
0.386667
0.417778
0.444444
0.466667
0.484444
0.497778
0.511111
0.52
0.524444
0.533333
0.537778
0.537778
0.537778
0.533333
0.528889
0.52
0.515556
0.511111
0.506667
0.502222
0.497778
0.493333
0.484444
0.475556
0.462222
0.457778
0.457778
0.453333
0.453333
0.453333
0.453333
0.453333
0.453333
0.453333
0.453333
0.453333
0.448889
0.448889
0.448889
0.444444
0.431111
0.413333
0.391111
0.368889
0.342222
0.315556
0.288889
0.262222
0.24
0.217778
0.2
0.186667
0.177778
0.173333
0.173333
0.168889
0.173333
0.182222
0.186667
0.195556
0.195556
0.191111
0.186667
0.177778
0.168889
0.155556
0.142222
0.124444
0.102222
0.0857143
0.0769231
0.0611111
0.0424242
0.0266667
0.00740741
0
0.2
0.177778
0.16
0.145455
0.133333
0.123077
0.114286
0.106667
0.0844444
0.0622222
0.0444444
0.0355556
0.0311111
0.0355556
0.0488889
0.0622222
0.0844444
0.111111
0.137778
0.164444
0.191111
0.222222
0.253333
0.284444
0.32
0.355556
0.386667
0.413333
0.435556
0.453333
0.471111
0.484444
0.493333
0.502222
0.511111
0.515556
0.515556
0.511111
0.506667
0.497778
0.488889
0.48
0.471111
0.462222
0.453333
0.444444
0.431111
0.417778
0.404444
0.395556
0.391111
0.386667
0.386667
0.386667
0.386667
0.386667
0.386667
0.386667
0.386667
0.386667
0.382222
0.382222
0.382222
0.377778
0.364444
0.346667
0.324444
0.302222
0.275556
0.248889
0.222222
0.195556
0.173333
0.151111
0.133333
0.12
0.111111
0.106667
0.106667
0.106667
0.111111
0.12
0.124444
0.133333
0.133333
0.133333
0.133333
0.128889
0.124444
0.115556
0.106667
0.0933333
0.0755556
0.0619048
0.0512821
0.0388889
0.0242424
0.0133333
0
0
0.133333
0.118519
0.106667
0.0969697
0.0888889
0.0820513
0.0761905
0.0711111
0.0533333
0.0355556
0.0222222
0.0133333
0.00888889
0.0133333
0.0266667
0.04
0.0577778
0.08
0.102222
0.124444
0.146667
0.173333
0.2
0.226667
0.257778
0.288889
0.324444
0.355556
0.382222
0.4
0.417778
0.431111
0.44
0.448889
0.457778
0.462222
0.462222
0.457778
0.453333
0.444444
0.435556
0.422222
0.408889
0.395556
0.386667
0.377778
0.364444
0.351111
0.337778
0.328889
0.324444
0.32
0.32
0.32
0.32
0.32
0.32
0.32
0.32
0.32
0.315556
0.315556
0.315556
0.311111
0.297778
0.28
0.257778
0.235556
0.213333
0.191111
0.168889
0.146667
0.124444
0.102222
0.0844444
0.0711111
0.0622222
0.0577778
0.0577778
0.0577778
0.0622222
0.0711111
0.0755556
0.08
0.08
0.08
0.08
0.08
0.08
0.0755556
0.0711111
0.0622222
0.0488889
0.0380952
0.0307692
0.0222222
0.0121212
0.00666667
0
0
0.0833333
0.0740741
0.0666667
0.0606061
0.0555556
0.0512821
0.047619
0.0444444
0.0311111
0.0177778
0.00888889
0.00444444
0
0.00444444
0.0133333
0.0222222
0.0355556
0.0533333
0.0711111
0.0888889
0.106667
0.128889
0.151111
0.173333
0.2
0.226667
0.257778
0.288889
0.315556
0.333333
0.351111
0.364444
0.373333
0.382222
0.391111
0.395556
0.395556
0.391111
0.386667
0.377778
0.368889
0.355556
0.342222
0.328889
0.32
0.311111
0.297778
0.284444
0.271111
0.262222
0.257778
0.253333
0.253333
0.253333
0.253333
0.253333
0.253333
0.253333
0.253333
0.253333
0.248889
0.248889
0.248889
0.244444
0.231111
0.213333
0.195556
0.177778
0.16
0.142222
0.124444
0.106667
0.0888889
0.0711111
0.0533333
0.04
0.0311111
0.0266667
0.0266667
0.0266667
0.0311111
0.0355556
0.0355556
0.0355556
0.0355556
0.0355556
0.0355556
0.0355556
0.0355556
0.0355556
0.0355556
0.0311111
0.0222222
0.0142857
0.0102564
0.00555556
0
0
0
0
0.0416667
0.037037
0.0333333
0.030303
0.0277778
0.025641
0.0238095
0.0222222
0.0133333
0.00444444
0
0
0
0
0.00444444
0.00888889
0.0177778
0.0311111
0.0444444
0.0577778
0.0711111
0.0888889
0.106667
0.124444
0.146667
0.168889
0.195556
0.222222
0.248889
0.266667
0.284444
0.297778
0.306667
0.315556
0.324444
0.328889
0.328889
0.324444
0.32
0.311111
0.302222
0.288889
0.275556
0.262222
0.253333
0.244444
0.231111
0.217778
0.204444
0.195556
0.191111
0.186667
0.186667
0.186667
0.186667
0.186667
0.186667
0.186667
0.186667
0.186667
0.182222
0.182222
0.182222
0.177778
0.164444
0.151111
0.137778
0.124444
0.111111
0.0977778
0.0844444
0.0711111
0.0577778
0.0444444
0.0311111
0.0222222
0.0133333
0.00888889
0.00888889
0.00888889
0.00888889
0.00888889
0.00888889
0.00888889
0.00888889
0.00888889
0.00888889
0.00888889
0.00888889
0.00888889
0.00888889
0.00888889
0.00444444
0
0
0
0
0
0
0
0.0166667
0.0148148
0.0133333
0.0121212
0.0111111
0.0102564
0.00952381
0.00888889
0.00444444
0
0
0
0
0
0
0
0.00444444
0.0133333
0.0222222
0.0311111
0.04
0.0533333
0.0666667
0.08
0.0977778
0.115556
0.137778
0.16
0.182222
0.2
0.217778
0.231111
0.24
0.248889
0.257778
0.262222
0.262222
0.257778
0.253333
0.244444
0.235556
0.222222
0.208889
0.195556
0.186667
0.177778
0.164444
0.151111
0.137778
0.128889
0.124444
0.12
0.12
0.12
0.12
0.12
0.12
0.12
0.12
0.12
0.115556
0.115556
0.115556
0.111111
0.102222
0.0933333
0.0844444
0.0755556
0.0666667
0.0577778
0.0488889
0.04
0.0311111
0.0222222
0.0133333
0.00888889
0.00444444
0
0
0
0
0
0
0
0
0
0
0
0
0
0
0
0
0
0
0
0
0
0
0
0
0
0
0
0
0
0
0
0
0
0
0
0
0
0
0
0
0.00444444
0.00888889
0.0133333
0.0177778
0.0266667
0.0355556
0.0444444
0.0577778
0.0711111
0.0888889
0.106667
0.124444
0.137778
0.151111
0.164444
0.173333
0.182222
0.191111
0.195556
0.195556
0.191111
0.186667
0.177778
0.168889
0.155556
0.142222
0.128889
0.12
0.111111
0.0977778
0.0844444
0.0711111
0.0622222
0.0577778
0.0533333
0.0533333
0.0533333
0.0533333
0.0533333
0.0533333
0.0533333
0.0533333
0.0533333
0.0488889
0.0488889
0.0488889
0.0488889
0.0444444
0.04
0.0355556
0.0311111
0.0266667
0.0222222
0.0177778
0.0133333
0.00888889
0.00444444
0
0
0
0
0
0
0
0
0
0
0
0
0
0
0
0
0
0
0
0
0
0
0
0
0
0
0
0
0
0
0
0
0
0
0
0
0
0
0
0
0
0
0
0
0
0
0
0.00444444
0.00888889
0.0133333
0.0222222
0.0311111
0.0444444
0.0577778
0.0711111
0.08
0.0888889
0.0977778
0.106667
0.115556
0.124444
0.128889
0.128889
0.124444
0.12
0.111111
0.102222
0.0888889
0.0755556
0.0622222
0.0533333
0.0444444
0.0355556
0.0266667
0.0177778
0.00888889
0.00444444
0
0
0
0
0
0
0
0
0
0
0
0
0
0
0
0
0
0
0
0
0
0
0
0
0
0
0
0
0
0
0
0
0
0
0
0
0
0
0
0
0
0
0
0
0
0
0
0
0
0
0
0
0
0
0
0
0
0
0
0
0
0
0
0
0
0
0
0
0
0
0
0
0
0.00444444
0.00888889
0.0177778
0.0266667
0.0355556
0.04
0.0444444
0.0488889
0.0533333
0.0577778
0.0622222
0.0622222
0.0622222
0.0622222
0.0622222
0.0577778
0.0533333
0.0444444
0.0355556
0.0266667
0.0222222
0.0177778
0.0133333
0.00888889
0.00444444
0
0
0
0
0
0
0
0
0
0
0
0
0
0
0
0
0
0
0
0
0
0
0
0
0
0
0
0
0
0
0
0
0
0
0
0
0
0
0
0
0
0
0
0
0
0
0
0
0
0
0
0
0
0
0
0
0
0
0
0
0
0
0
0
0
0
0
0
0
0
0
0
0
0
0
0
0
0.00444444
0.00888889
0.0133333
0.0133333
0.0133333
0.0133333
0.0133333
0.0133333
0.0133333
0.0133333
0.0133333
0.0133333
0.0133333
0.0133333
0.0133333
0.00888889
0.00444444
0
0
0
0
0
0
0
0
0
0
0
0
0
0
0
0
0
0
0
0
0
0
0
0
0
0
0
0
0
0
0
0
0
0
0
0
0
0
0
0
0
0
0
0
0
0
0
0
0
0
0
0
0
0
0
0
0
0
0
0
0
0
0
0
0
0
0
0
0
0
0
0
0
0
0
0
0
0
0
0
0
0
0
0
0
0
0
0
0
0
0
0
0
0
0
0
0
0
0
0
0
0
0
0
0
0
0
0
0
0
0
0
0
0
0
0
0
0
0
0
0
0
0
0
0
0
0
0
0
0
0
0
0
0
0
0
0
0
0
0
0
0
0
0
0
0
0
0
0
0
0
0
0
0
0
0
0
0
0
0
0
0
0
0
0
0
0
0
0
0
0
0
0
0
0
0
0
0
0
0
0
0
0
0
0
0
0
0
0
0
0
0
0
0
0
0
0
0
0
0
0
0
0
0
0
0
0
0
0
0
0
0
0
0
0
0
0
0
0
0
0
0
0
0
0
0
0
0
0
0
0
0
0
0
0
0
0
0
0
0
0
0
0
0
0
0
0
0
0
0
0
0
0
0
0
0
0
0
0
0
0
0
0
0
0
0
0
0
0
0
0
0
0
0
0
0
0
0
0
0
0
0
0
0
0
0
0
0
0
0
0
0
0
0
0
0
0
0
0
0
0
0
0
0
0
0
0
0
0
0
0
0
0
0
0
0
0
0
0
0
0
0
0
0
0
0
0
0
0
0
0
0
0
0
0
0
0
0
0
0
0
0
0
0
0
0
0
0
0
0
0
0
0
0
0
0
0
0
0
0
0
0
0
0
0
0
0
0
0
0
0
0
0
0
0
0
0
0
0
0
0
0
0
0
0
0
0
0
0
0
0
0
0
0
0
0
0
0
0
0
0
0
0
0
0
0
0
0
0.00444444
0.00888889
0.0133333
0.0177778
0.0222222
0.0266667
0.0266667
0.0266667
0.0266667
0.0266667
0.0266667
0.0266667
0.0266667
0.0266667
0.0266667
0.0222222
0.0177778
0.0133333
0.00888889
0.00444444
0
0
0
0
0
0
0
0
0
0
0
0
0
0
0
0
0
0
0
0
0
0
0
0
0
0
0
0
0
0
0
0
0
0
0
0
0
0
0
0
0
0
0
0
0
0
0
0
0
0
0
0
0
0
0
0
0
0
0
0
0
0
0
0
0
0
0
0
0
0
0
0
0
0
0
0
0
0
0.00444444
0.00888889
0.0177778
0.0266667
0.0355556
0.0444444
0.0533333
0.0622222
0.0666667
0.0711111
0.0711111
0.0711111
0.0711111
0.0711111
0.0711111
0.0666667
0.0622222
0.0533333
0.0444444
0.0355556
0.0266667
0.0177778
0.00888889
0.00444444
0
0
0
0
0
0
0
0
0
0
0
0
0
0
0
0
0
0
0
0
0
0
0
0
0
0
0
0
0
0
0
0
0
0
0
0
0
0
0
0
0
0
0
0
0
0
0
0
0
0
0
0
0
0
0
0
0
0
0
0
0
0
0
0
0
0
0
0
0
0
0
0
0
0
0
0.00444444
0.0133333
0.0222222
0.0355556
0.0488889
0.0622222
0.0755556
0.0888889
0.102222
0.111111
0.12
0.124444
0.128889
0.133333
0.133333
0.128889
0.12
0.111111
0.0977778
0.0844444
0.0711111
0.0577778
0.0444444
0.0311111
0.0222222
0.0133333
0.00888889
0.00444444
0
0
0
0
0
0
0
0
0
0
0
0
0
0
0
0
0
0
0
0
0
0
0
0
0
0
0
0
0
0
0
0
0
0
0
0
0
0
0
0
0
0
0
0
0
0
0
0
0
0
0
0
0
0
0
0
0
0
0
0
0
0
0
0
0
0
0
0
0
0
0
0.00444444
0.0133333
0.0266667
0.04
0.0577778
0.0755556
0.0933333
0.111111
0.128889
0.146667
0.16
0.173333
0.182222
0.191111
0.2
0.2
0.191111
0.177778
0.164444
0.146667
0.128889
0.111111
0.0933333
0.0755556
0.0577778
0.0444444
0.0311111
0.0222222
0.0133333
0.00444444
0
0
0
0
0
0
0
0
0
0
0
0
0
0
0
0
0
0
0
0
0
0
0
0
0
0
0
0
0
0
0
0
0
0
0
0
0
0
0
0
0
0
0
0
0
0
0
0
0
0
0
0
0
0
0
0
0
0
0
0
0
0
0
0
0
0
0
0
0
0
0.00888889
0.0222222
0.04
0.0577778
0.08
0.102222
0.124444
0.146667
0.168889
0.191111
0.208889
0.226667
0.24
0.253333
0.266667
0.266667
0.257778
0.24
0.222222
0.2
0.177778
0.155556
0.133333
0.111111
0.0888889
0.0711111
0.0533333
0.04
0.0266667
0.0133333
0.00444444
0
0
0
0
0
0
0
0
0
0
0
0
0
0
0
0
0
0
0
0
0
0
0
0
0
0
0
0
0
0
0
0
0
0
0
0
0
0
0
0
0
0
0
0
0
0
0
0
0
0
0
0
0
0
0
0
0
0
0
0
0
0
0
0
0
0
0
0
0.00444444
0.0177778
0.0355556
0.0577778
0.08
0.106667
0.133333
0.16
0.186667
0.213333
0.24
0.262222
0.284444
0.302222
0.32
0.333333
0.333333
0.324444
0.306667
0.284444
0.257778
0.231111
0.204444
0.177778
0.151111
0.124444
0.102222
0.08
0.0622222
0.0444444
0.0266667
0.0133333
0.00444444
0
0
0
0
0
0
0
0
0
0
0
0
0
0
0
0
0
0
0
0
0
0
0
0
0
0
0
0
0
0
0
0
0
0
0
0
0
0
0
0
0
0
0
0
0
0
0
0
0
0
0
0
0
0
0
0
0
0
0
0
0
0
0
0
0
0.00444444
0.00888889
0.0177778
0.0355556
0.0577778
0.0844444
0.111111
0.142222
0.173333
0.204444
0.235556
0.266667
0.297778
0.324444
0.351111
0.368889
0.386667
0.4
0.4
0.391111
0.373333
0.351111
0.32
0.288889
0.257778
0.226667
0.195556
0.164444
0.137778
0.111111
0.0888889
0.0666667
0.0444444
0.0266667
0.0133333
0.00444444
0
0
0
0
0
0
0
0
0
0
0
0
0
0
0
0
0
0
0
0
0
0
0
0
0
0
0
0
0
0
0
0
0
0
0
0
0
0
0
0
0
0
0
0
0
0
0
0
0
0
0
0
0
0
0
0
0
0
0
0
0
0
0.00444444
0.00888889
0.0177778
0.0266667
0.04
0.0622222
0.0888889
0.12
0.151111
0.186667
0.222222
0.257778
0.293333
0.328889
0.364444
0.391111
0.417778
0.435556
0.453333
0.466667
0.466667
0.457778
0.44
0.417778
0.386667
0.355556
0.324444
0.293333
0.262222
0.226667
0.195556
0.164444
0.137778
0.111111
0.0844444
0.0622222
0.0444444
0.0311111
0.0222222
0.0177778
0.0133333
0.00888889
0.00444444
0
0
0
0
0
0
0
0
0
0
0
0
0
0
0
0
0
0
0
0
0
0
0
0
0
0
0
0
0
0
0
0
0
0
0
0
0
0
0
0
0
0
0
0
0
0
0
0
0
0
0
0
0
0
0
0
0.00444444
0.0133333
0.0222222
0.0355556
0.0488889
0.0666667
0.0933333
0.124444
0.16
0.191111
0.226667
0.262222
0.297778
0.333333
0.368889
0.4
0.422222
0.448889
0.466667
0.484444
0.497778
0.497778
0.488889
0.471111
0.453333
0.426667
0.4
0.373333
0.346667
0.32
0.288889
0.262222
0.226667
0.195556
0.164444
0.133333
0.106667
0.0844444
0.0666667
0.0533333
0.0444444
0.0355556
0.0266667
0.0177778
0.00888889
0.00444444
0
0
0
0
0
0
0
0
0
0
0
0
0
0
0
0
0.00606061
0.0111111
0.0153846
0.0190476
0.0222222
0.0266667
0.0311111
0.0355556
0.04
0.0444444
0.0488889
0.0533333
0.0577778
0.0577778
0.0577778
0.0533333
0.0488889
0.0444444
0.04
0.0355556
0.0311111
0.0266667
0.0222222
0.0177778
0.0133333
0.00888889
0.00444444
0
0
0
0
0
0
0
0
0
0
0.00444444
0.0133333
0.0266667
0.04
0.0577778
0.0755556
0.0977778
0.128889
0.164444
0.2
0.231111
0.266667
0.302222
0.337778
0.373333
0.404444
0.431111
0.448889
0.471111
0.488889
0.506667
0.52
0.52
0.511111
0.497778
0.484444
0.462222
0.44
0.417778
0.395556
0.373333
0.346667
0.324444
0.293333
0.262222
0.231111
0.195556
0.164444
0.137778
0.115556
0.0977778
0.0844444
0.0711111
0.0577778
0.0444444
0.0311111
0.0222222
0.0133333
0.00888889
0.00444444
0
0
0
0
0
0
0
0
0
0
0
0.00740741
0.0133333
0.0242424
0.0333333
0.0410256
0.047619
0.0533333
0.0622222
0.0711111
0.08
0.0888889
0.0977778
0.106667
0.115556
0.124444
0.124444
0.124444
0.12
0.111111
0.102222
0.0933333
0.0844444
0.0755556
0.0666667
0.0577778
0.0488889
0.04
0.0311111
0.0222222
0.0133333
0.00888889
0.00444444
0
0
0
0
0
0
0.00444444
0.0133333
0.0266667
0.0444444
0.0622222
0.0844444
0.106667
0.133333
0.164444
0.2
0.235556
0.266667
0.302222
0.337778
0.373333
0.404444
0.431111
0.453333
0.466667
0.484444
0.497778
0.511111
0.52
0.524444
0.52
0.511111
0.502222
0.484444
0.466667
0.448889
0.431111
0.413333
0.391111
0.373333
0.346667
0.32
0.293333
0.262222
0.231111
0.204444
0.177778
0.155556
0.137778
0.12
0.102222
0.0844444
0.0666667
0.0533333
0.04
0.0311111
0.0222222
0.0133333
0.00888889
0.00444444
0
0
0
0
0
0
0
0.0166667
0.0296296
0.04
0.0545455
0.0666667
0.0769231
0.0857143
0.0933333
0.106667
0.12
0.133333
0.146667
0.155556
0.168889
0.182222
0.191111
0.191111
0.191111
0.186667
0.177778
0.164444
0.151111
0.137778
0.124444
0.111111
0.0977778
0.0844444
0.0711111
0.0577778
0.0444444
0.0311111
0.0222222
0.0133333
0.00444444
0
0
0
0
0.00444444
0.0133333
0.0266667
0.0444444
0.0666667
0.0888889
0.115556
0.142222
0.168889
0.2
0.235556
0.271111
0.302222
0.337778
0.373333
0.404444
0.431111
0.453333
0.471111
0.48
0.493333
0.502222
0.511111
0.52
0.524444
0.524444
0.52
0.515556
0.502222
0.488889
0.475556
0.462222
0.448889
0.431111
0.417778
0.395556
0.373333
0.351111
0.324444
0.297778
0.271111
0.244444
0.222222
0.204444
0.182222
0.16
0.137778
0.115556
0.0977778
0.08
0.0666667
0.0533333
0.04
0.0311111
0.0222222
0.0142857
0.0102564
0.00555556
0
0
0
0
0.0666667
0.0814815
0.0933333
0.109091
0.122222
0.133333
0.142857
0.151111
0.168889
0.186667
0.2
0.213333
0.222222
0.235556
0.248889
0.257778
0.257778
0.257778
0.253333
0.244444
0.231111
0.217778
0.204444
0.191111
0.177778
0.164444
0.146667
0.128889
0.111111
0.0933333
0.0755556
0.0622222
0.0488889
0.0355556
0.0266667
0.0222222
0.0222222
0.0222222
0.0266667
0.0355556
0.0488889
0.0711111
0.0977778
0.124444
0.155556
0.186667
0.213333
0.244444
0.28
0.315556
0.346667
0.377778
0.408889
0.435556
0.457778
0.475556
0.488889
0.493333
0.502222
0.506667
0.511111
0.52
0.524444
0.524444
0.524444
0.524444
0.515556
0.506667
0.497778
0.488889
0.48
0.466667
0.457778
0.44
0.422222
0.404444
0.382222
0.36
0.337778
0.311111
0.288889
0.271111
0.248889
0.226667
0.204444
0.177778
0.155556
0.133333
0.115556
0.0977778
0.08
0.0666667
0.0533333
0.0428571
0.0358974
0.0277778
0.0181818
0.0133333
0.00740741
0
0.133333
0.148148
0.16
0.175758
0.188889
0.2
0.209524
0.217778
0.235556
0.253333
0.266667
0.28
0.288889
0.302222
0.315556
0.324444
0.324444
0.324444
0.32
0.311111
0.297778
0.284444
0.271111
0.257778
0.244444
0.231111
0.213333
0.195556
0.177778
0.16
0.142222
0.128889
0.115556
0.102222
0.0933333
0.0888889
0.0888889
0.0888889
0.0933333
0.102222
0.115556
0.137778
0.164444
0.191111
0.222222
0.248889
0.271111
0.297778
0.328889
0.36
0.386667
0.413333
0.44
0.462222
0.48
0.493333
0.502222
0.502222
0.506667
0.506667
0.511111
0.52
0.524444
0.524444
0.524444
0.528889
0.524444
0.52
0.515556
0.511111
0.506667
0.497778
0.493333
0.48
0.466667
0.453333
0.435556
0.417778
0.4
0.377778
0.355556
0.337778
0.315556
0.293333
0.271111
0.24
0.213333
0.186667
0.164444
0.142222
0.12
0.102222
0.0844444
0.0714286
0.0615385
0.05
0.0363636
0.0266667
0.0148148
0
0.2
0.214815
0.226667
0.242424
0.255556
0.266667
0.27619
0.284444
0.302222
0.32
0.333333
0.346667
0.355556
0.368889
0.382222
0.391111
0.391111
0.391111
0.386667
0.377778
0.364444
0.351111
0.337778
0.324444
0.311111
0.297778
0.28
0.262222
0.244444
0.226667
0.208889
0.195556
0.182222
0.168889
0.16
0.155556
0.155556
0.155556
0.16
0.168889
0.182222
0.204444
0.231111
0.257778
0.284444
0.306667
0.324444
0.346667
0.373333
0.4
0.422222
0.444444
0.466667
0.484444
0.497778
0.506667
0.511111
0.506667
0.506667
0.506667
0.511111
0.52
0.524444
0.524444
0.524444
0.528889
0.528889
0.528889
0.528889
0.528889
0.528889
0.524444
0.524444
0.515556
0.506667
0.497778
0.484444
0.471111
0.457778
0.44
0.422222
0.404444
0.382222
0.36
0.337778
0.306667
0.275556
0.244444
0.217778
0.191111
0.164444
0.142222
0.12
0.104762
0.0923077
0.0777778
0.0606061
0.0466667
0.0296296
0.00833333
0.266667
0.281481
0.293333
0.309091
0.322222
0.333333
0.342857
0.351111
0.368889
0.386667
0.4
0.413333
0.422222
0.435556
0.448889
0.457778
0.457778
0.457778
0.453333
0.444444
0.431111
0.417778
0.404444
0.391111
0.377778
0.364444
0.346667
0.328889
0.311111
0.293333
0.275556
0.262222
0.248889
0.235556
0.226667
0.222222
0.222222
0.222222
0.226667
0.235556
0.248889
0.271111
0.293333
0.315556
0.337778
0.355556
0.368889
0.386667
0.408889
0.431111
0.448889
0.462222
0.475556
0.484444
0.488889
0.488889
0.484444
0.48
0.48
0.48
0.484444
0.493333
0.497778
0.497778
0.497778
0.502222
0.506667
0.511111
0.515556
0.52
0.524444
0.528889
0.533333
0.528889
0.524444
0.52
0.511111
0.502222
0.493333
0.48
0.466667
0.453333
0.435556
0.417778
0.4
0.373333
0.342222
0.306667
0.275556
0.244444
0.213333
0.186667
0.16
0.142857
0.128205
0.111111
0.0909091
0.0733333
0.0518519
0.025
0.333333
0.348148
0.36
0.375758
0.388889
0.4
0.409524
0.417778
0.431111
0.448889
0.457778
0.466667
0.471111
0.48
0.488889
0.497778
0.497778
0.497778
0.493333
0.484444
0.471111
0.457778
0.444444
0.435556
0.422222
0.413333
0.4
0.386667
0.373333
0.36
0.342222
0.328889
0.315556
0.302222
0.293333
0.288889
0.288889
0.288889
0.293333
0.302222
0.315556
0.333333
0.351111
0.368889
0.386667
0.4
0.408889
0.422222
0.44
0.453333
0.462222
0.466667
0.471111
0.471111
0.466667
0.457778
0.448889
0.44
0.435556
0.435556
0.44
0.448889
0.453333
0.453333
0.457778
0.466667
0.475556
0.484444
0.493333
0.502222
0.511111
0.52
0.528889
0.528889
0.528889
0.528889
0.524444
0.52
0.515556
0.506667
0.497778
0.488889
0.475556
0.462222
0.448889
0.426667
0.4
0.364444
0.333333
0.297778
0.262222
0.231111
0.2
0.180952
0.164103
0.144444
0.121212
0.1
0.0740741
0.0416667
0.4
0.414815
0.426667
0.436364
0.444444
0.451282
0.457143
0.462222
0.471111
0.484444
0.488889
0.493333
0.493333
0.497778
0.502222
0.506667
0.502222
0.502222
0.502222
0.497778
0.488889
0.48
0.471111
0.466667
0.457778
0.453333
0.444444
0.435556
0.426667
0.417778
0.404444
0.395556
0.382222
0.368889
0.36
0.355556
0.355556
0.355556
0.36
0.364444
0.373333
0.386667
0.4
0.413333
0.426667
0.435556
0.44
0.448889
0.457778
0.462222
0.462222
0.457778
0.453333
0.444444
0.435556
0.422222
0.408889
0.395556
0.386667
0.382222
0.382222
0.386667
0.391111
0.395556
0.404444
0.417778
0.431111
0.444444
0.457778
0.471111
0.484444
0.497778
0.511111
0.515556
0.52
0.528889
0.533333
0.533333
0.533333
0.528889
0.524444
0.52
0.511111
0.502222
0.493333
0.475556
0.453333
0.422222
0.391111
0.355556
0.315556
0.28
0.244444
0.22381
0.205128
0.183333
0.157576
0.133333
0.103704
0.0666667
0.466667
0.474074
0.48
0.484848
0.488889
0.492308
0.495238
0.497778
0.502222
0.511111
0.511111
0.511111
0.506667
0.506667
0.506667
0.506667
0.502222
0.502222
0.502222
0.502222
0.497778
0.493333
0.488889
0.488889
0.484444
0.484444
0.48
0.475556
0.471111
0.466667
0.457778
0.453333
0.444444
0.435556
0.426667
0.422222
0.422222
0.422222
0.422222
0.422222
0.426667
0.435556
0.444444
0.453333
0.462222
0.466667
0.466667
0.466667
0.466667
0.462222
0.453333
0.44
0.426667
0.413333
0.4
0.382222
0.364444
0.346667
0.333333
0.324444
0.32
0.32
0.324444
0.333333
0.346667
0.364444
0.382222
0.4
0.417778
0.435556
0.453333
0.471111
0.488889
0.497778
0.506667
0.52
0.528889
0.533333
0.533333
0.528889
0.524444
0.524444
0.52
0.515556
0.511111
0.497778
0.48
0.453333
0.426667
0.391111
0.351111
0.315556
0.28
0.261905
0.246154
0.227778
0.2
0.173333
0.140741
0.1
0.516667
0.518519
0.52
0.521212
0.522222
0.523077
0.52381
0.524444
0.524444
0.528889
0.524444
0.52
0.511111
0.506667
0.506667
0.506667
0.502222
0.502222
0.502222
0.502222
0.497778
0.493333
0.493333
0.497778
0.497778
0.502222
0.502222
0.502222
0.502222
0.502222
0.497778
0.497778
0.493333
0.488889
0.484444
0.484444
0.488889
0.484444
0.48
0.475556
0.475556
0.48
0.484444
0.488889
0.493333
0.493333
0.488889
0.48
0.471111
0.457778
0.44
0.417778
0.4
0.382222
0.364444
0.342222
0.32
0.297778
0.28
0.266667
0.257778
0.253333
0.257778
0.266667
0.284444
0.306667
0.328889
0.351111
0.373333
0.395556
0.417778
0.44
0.462222
0.475556
0.488889
0.506667
0.52
0.528889
0.533333
0.528889
0.524444
0.524444
0.52
0.52
0.52
0.511111
0.497778
0.475556
0.453333
0.422222
0.382222
0.346667
0.311111
0.295238
0.282051
0.266667
0.242424
0.22
0.185185
0.141667
0.525
0.525926
0.526667
0.527273
0.527778
0.528205
0.528571
0.528889
0.524444
0.528889
0.524444
0.52
0.511111
0.506667
0.506667
0.506667
0.502222
0.502222
0.502222
0.502222
0.497778
0.493333
0.493333
0.497778
0.497778
0.502222
0.506667
0.511111
0.515556
0.52
0.52
0.524444
0.524444
0.524444
0.524444
0.528889
0.533333
0.528889
0.524444
0.52
0.52
0.52
0.52
0.52
0.52
0.515556
0.502222
0.484444
0.466667
0.444444
0.417778
0.391111
0.368889
0.346667
0.324444
0.297778
0.271111
0.244444
0.222222
0.204444
0.191111
0.186667
0.191111
0.2
0.217778
0.244444
0.271111
0.297778
0.324444
0.351111
0.377778
0.404444
0.431111
0.448889
0.466667
0.488889
0.506667
0.52
0.528889
0.528889
0.524444
0.524444
0.52
0.52
0.524444
0.52
0.511111
0.493333
0.475556
0.448889
0.413333
0.377778
0.342222
0.328571
0.317949
0.305556
0.284848
0.266667
0.237037
0.191667
0.525
0.525926
0.526667
0.527273
0.527778
0.528205
0.528571
0.528889
0.524444
0.528889
0.524444
0.52
0.511111
0.506667
0.506667
0.506667
0.502222
0.502222
0.502222
0.502222
0.497778
0.493333
0.493333
0.497778
0.497778
0.502222
0.506667
0.511111
0.515556
0.52
0.52
0.524444
0.524444
0.524444
0.524444
0.528889
0.533333
0.528889
0.524444
0.52
0.52
0.52
0.52
0.52
0.515556
0.506667
0.488889
0.466667
0.444444
0.417778
0.386667
0.355556
0.328889
0.302222
0.275556
0.244444
0.213333
0.182222
0.155556
0.137778
0.124444
0.12
0.124444
0.133333
0.151111
0.177778
0.208889
0.24
0.271111
0.302222
0.333333
0.364444
0.395556
0.417778
0.44
0.466667
0.488889
0.506667
0.52
0.524444
0.524444
0.524444
0.52
0.52
0.524444
0.524444
0.52
0.506667
0.493333
0.471111
0.44
0.408889
0.373333
0.361905
0.353846
0.344444
0.327273
0.313333
0.288889
0.25
0.525
0.525926
0.526667
0.527273
0.527778
0.528205
0.528571
0.528889
0.524444
0.528889
0.524444
0.52
0.511111
0.506667
0.506667
0.506667
0.502222
0.502222
0.502222
0.502222
0.497778
0.493333
0.493333
0.497778
0.497778
0.502222
0.506667
0.511111
0.515556
0.52
0.52
0.524444
0.524444
0.524444
0.524444
0.528889
0.533333
0.528889
0.524444
0.52
0.52
0.52
0.515556
0.511111
0.502222
0.488889
0.466667
0.44
0.413333
0.382222
0.346667
0.311111
0.28
0.248889
0.217778
0.182222
0.146667
0.115556
0.0888889
0.0711111
0.0577778
0.0533333
0.0577778
0.0666667
0.0844444
0.111111
0.142222
0.173333
0.204444
0.235556
0.266667
0.302222
0.337778
0.364444
0.391111
0.422222
0.448889
0.471111
0.488889
0.497778
0.502222
0.506667
0.506667
0.511111
0.52
0.524444
0.524444
0.515556
0.506667
0.488889
0.462222
0.435556
0.404444
0.395238
0.389744
0.383333
0.369697
0.36
0.340741
0.308333
0.525
0.525926
0.526667
0.527273
0.527778
0.528205
0.528571
0.528889
0.524444
0.528889
0.524444
0.52
0.511111
0.506667
0.506667
0.506667
0.502222
0.502222
0.502222
0.502222
0.497778
0.493333
0.493333
0.497778
0.497778
0.502222
0.506667
0.511111
0.515556
0.52
0.52
0.524444
0.524444
0.524444
0.524444
0.528889
0.533333
0.528889
0.524444
0.52
0.52
0.515556
0.506667
0.497778
0.484444
0.466667
0.44
0.408889
0.377778
0.342222
0.306667
0.271111
0.24
0.208889
0.177778
0.142222
0.111111
0.0844444
0.0577778
0.04
0.0266667
0.0222222
0.0266667
0.0355556
0.0533333
0.0755556
0.102222
0.128889
0.155556
0.182222
0.208889
0.24
0.271111
0.302222
0.333333
0.368889
0.4
0.426667
0.448889
0.462222
0.471111
0.48
0.484444
0.493333
0.506667
0.515556
0.52
0.52
0.515556
0.502222
0.48
0.457778
0.431111
0.42381
0.420513
0.416667
0.406061
0.4
0.385185
0.358333
0.55
0.548148
0.546667
0.539394
0.533333
0.528205
0.52381
0.52
0.511111
0.506667
0.493333
0.48
0.466667
0.457778
0.453333
0.448889
0.444444
0.444444
0.448889
0.453333
0.453333
0.453333
0.457778
0.466667
0.471111
0.48
0.488889
0.497778
0.506667
0.515556
0.52
0.524444
0.528889
0.533333
0.537778
0.546667
0.555556
0.555556
0.555556
0.555556
0.555556
0.551111
0.542222
0.533333
0.52
0.502222
0.475556
0.435556
0.395556
0.355556
0.315556
0.275556
0.24
0.204444
0.168889
0.133333
0.102222
0.0755556
0.0488889
0.0266667
0.00888889
0
0.00444444
0.0133333
0.0266667
0.0444444
0.0666667
0.0888889
0.111111
0.133333
0.155556
0.182222
0.208889
0.235556
0.266667
0.302222
0.337778
0.368889
0.395556
0.413333
0.426667
0.44
0.448889
0.462222
0.48
0.493333
0.502222
0.506667
0.511111
0.506667
0.493333
0.475556
0.453333
0.447619
0.446154
0.444444
0.436364
0.433333
0.422222
0.4
0.608333
0.592593
0.58
0.563636
0.55
0.538462
0.528571
0.52
0.502222
0.488889
0.466667
0.444444
0.422222
0.404444
0.391111
0.382222
0.377778
0.377778
0.382222
0.391111
0.395556
0.4
0.408889
0.422222
0.431111
0.444444
0.457778
0.471111
0.484444
0.497778
0.506667
0.52
0.533333
0.546667
0.555556
0.568889
0.582222
0.586667
0.591111
0.591111
0.591111
0.586667
0.577778
0.568889
0.555556
0.537778
0.506667
0.466667
0.426667
0.386667
0.346667
0.302222
0.262222
0.222222
0.186667
0.151111
0.12
0.0933333
0.0666667
0.0444444
0.0266667
0.0177778
0.0133333
0.0133333
0.0177778
0.0266667
0.0444444
0.0622222
0.08
0.0977778
0.115556
0.137778
0.16
0.182222
0.208889
0.24
0.271111
0.302222
0.328889
0.351111
0.368889
0.386667
0.4
0.417778
0.44
0.457778
0.471111
0.48
0.493333
0.497778
0.493333
0.484444
0.471111
0.471429
0.471795
0.472222
0.466667
0.466667
0.459259
0.441667
0.658333
0.637037
0.613333
0.587879
0.566667
0.548718
0.533333
0.52
0.493333
0.471111
0.44
0.408889
0.382222
0.355556
0.333333
0.32
0.311111
0.311111
0.315556
0.324444
0.333333
0.342222
0.355556
0.373333
0.386667
0.404444
0.422222
0.44
0.457778
0.48
0.497778
0.52
0.542222
0.564444
0.582222
0.6
0.617778
0.626667
0.631111
0.631111
0.631111
0.626667
0.617778
0.608889
0.591111
0.568889
0.537778
0.497778
0.457778
0.417778
0.377778
0.333333
0.293333
0.253333
0.217778
0.182222
0.151111
0.124444
0.0977778
0.0755556
0.0577778
0.0444444
0.0355556
0.0266667
0.0222222
0.0222222
0.0311111
0.04
0.0533333
0.0666667
0.08
0.0977778
0.115556
0.133333
0.155556
0.182222
0.208889
0.235556
0.262222
0.284444
0.302222
0.32
0.337778
0.36
0.386667
0.408889
0.426667
0.44
0.457778
0.471111
0.475556
0.475556
0.471111
0.47619
0.482051
0.488889
0.490909
0.493333
0.488889
0.475
0.675
0.651852
0.626667
0.593939
0.572222
0.548718
0.528571
0.511111
0.475556
0.444444
0.408889
0.373333
0.342222
0.311111
0.284444
0.266667
0.253333
0.248889
0.253333
0.257778
0.266667
0.275556
0.288889
0.306667
0.32
0.337778
0.364444
0.391111
0.417778
0.448889
0.475556
0.506667
0.537778
0.568889
0.595556
0.622222
0.644444
0.657778
0.666667
0.671111
0.675556
0.666667
0.653333
0.64
0.617778
0.591111
0.56
0.52
0.48
0.44
0.4
0.36
0.324444
0.288889
0.257778
0.226667
0.2
0.173333
0.146667
0.124444
0.106667
0.0888889
0.0755556
0.0622222
0.0488889
0.04
0.04
0.04
0.0444444
0.0488889
0.0533333
0.0622222
0.0755556
0.0888889
0.106667
0.128889
0.151111
0.173333
0.195556
0.217778
0.235556
0.253333
0.271111
0.293333
0.32
0.346667
0.368889
0.386667
0.408889
0.426667
0.44
0.448889
0.453333
0.461905
0.471795
0.483333
0.490909
0.5
0.503704
0.5
0.675
0.651852
0.626667
0.593939
0.572222
0.548718
0.52381
0.502222
0.462222
0.426667
0.386667
0.346667
0.311111
0.275556
0.244444
0.222222
0.204444
0.195556
0.195556
0.195556
0.2
0.208889
0.222222
0.244444
0.262222
0.284444
0.315556
0.346667
0.377778
0.413333
0.444444
0.48
0.515556
0.551111
0.582222
0.613333
0.64
0.657778
0.666667
0.671111
0.675556
0.666667
0.653333
0.64
0.617778
0.595556
0.568889
0.533333
0.497778
0.462222
0.426667
0.391111
0.36
0.328889
0.302222
0.275556
0.253333
0.231111
0.208889
0.186667
0.164444
0.142222
0.124444
0.106667
0.0888889
0.0711111
0.0622222
0.0533333
0.0488889
0.0444444
0.04
0.04
0.0444444
0.0488889
0.0622222
0.08
0.0977778
0.115556
0.133333
0.151111
0.168889
0.186667
0.204444
0.226667
0.253333
0.284444
0.311111
0.333333
0.36
0.386667
0.408889
0.426667
0.44
0.452381
0.466667
0.483333
0.49697
0.513333
0.525926
0.533333
0.675
0.651852
0.626667
0.593939
0.572222
0.548718
0.52381
0.502222
0.462222
0.422222
0.377778
0.337778
0.297778
0.257778
0.222222
0.195556
0.173333
0.16
0.155556
0.151111
0.151111
0.16
0.173333
0.195556
0.217778
0.244444
0.275556
0.311111
0.346667
0.386667
0.422222
0.462222
0.502222
0.542222
0.577778
0.613333
0.64
0.657778
0.666667
0.671111
0.675556
0.666667
0.653333
0.64
0.622222
0.604444
0.582222
0.551111
0.52
0.488889
0.457778
0.426667
0.4
0.373333
0.351111
0.328889
0.311111
0.293333
0.275556
0.253333
0.231111
0.204444
0.182222
0.16
0.137778
0.115556
0.0977778
0.08
0.0666667
0.0533333
0.04
0.0311111
0.0266667
0.0222222
0.0266667
0.0355556
0.0488889
0.0622222
0.0755556
0.0888889
0.102222
0.12
0.137778
0.16
0.186667
0.217778
0.248889
0.275556
0.311111
0.346667
0.377778
0.404444
0.426667
0.442857
0.461538
0.483333
0.50303
0.526667
0.548148
0.566667
0.675
0.651852
0.626667
0.593939
0.572222
0.548718
0.52381
0.502222
0.462222
0.422222
0.377778
0.337778
0.297778
0.257778
0.222222
0.195556
0.173333
0.16
0.155556
0.151111
0.151111
0.16
0.173333
0.195556
0.217778
0.244444
0.275556
0.311111
0.346667
0.386667
0.422222
0.462222
0.502222
0.542222
0.577778
0.613333
0.64
0.657778
0.666667
0.671111
0.675556
0.666667
0.657778
0.648889
0.635556
0.622222
0.604444
0.577778
0.551111
0.524444
0.497778
0.471111
0.448889
0.426667
0.408889
0.391111
0.377778
0.36
0.342222
0.32
0.297778
0.266667
0.24
0.213333
0.186667
0.16
0.137778
0.115556
0.0977778
0.08
0.0622222
0.0444444
0.0311111
0.0177778
0.0133333
0.0133333
0.0222222
0.0311111
0.04
0.0488889
0.0577778
0.0711111
0.0844444
0.102222
0.124444
0.151111
0.182222
0.217778
0.262222
0.306667
0.346667
0.382222
0.413333
0.433333
0.45641
0.483333
0.509091
0.54
0.57037
0.6
0.675
0.651852
0.626667
0.593939
0.572222
0.548718
0.52381
0.502222
0.466667
0.426667
0.386667
0.351111
0.315556
0.28
0.248889
0.222222
0.2
0.186667
0.182222
0.177778
0.177778
0.186667
0.2
0.217778
0.24
0.262222
0.288889
0.32
0.351111
0.386667
0.422222
0.462222
0.502222
0.542222
0.577778
0.613333
0.64
0.657778
0.666667
0.671111
0.675556
0.671111
0.666667
0.662222
0.653333
0.644444
0.631111
0.608889
0.586667
0.564444
0.542222
0.52
0.502222
0.484444
0.471111
0.457778
0.444444
0.426667
0.408889
0.386667
0.364444
0.333333
0.306667
0.275556
0.244444
0.213333
0.186667
0.16
0.137778
0.115556
0.0933333
0.0711111
0.0533333
0.0355556
0.0222222
0.0133333
0.0133333
0.0133333
0.0177778
0.0222222
0.0266667
0.0355556
0.0444444
0.0577778
0.0755556
0.0977778
0.128889
0.168889
0.217778
0.271111
0.32
0.364444
0.404444
0.428571
0.45641
0.488889
0.521212
0.56
0.6
0.641667
0.675
0.651852
0.626667
0.6
0.583333
0.564103
0.542857
0.524444
0.493333
0.457778
0.422222
0.391111
0.36
0.328889
0.302222
0.28
0.262222
0.248889
0.24
0.231111
0.226667
0.231111
0.24
0.253333
0.271111
0.288889
0.311111
0.337778
0.364444
0.395556
0.426667
0.462222
0.502222
0.542222
0.577778
0.613333
0.64
0.657778
0.666667
0.675556
0.68
0.675556
0.671111
0.666667
0.657778
0.648889
0.635556
0.617778
0.6
0.582222
0.564444
0.546667
0.533333
0.52
0.506667
0.497778
0.488889
0.475556
0.462222
0.444444
0.426667
0.4
0.373333
0.342222
0.306667
0.271111
0.24
0.208889
0.182222
0.155556
0.128889
0.102222
0.08
0.0577778
0.04
0.0222222
0.0133333
0.00444444
0
0
0
0.00444444
0.00888889
0.0177778
0.0311111
0.0533333
0.0844444
0.124444
0.177778
0.235556
0.293333
0.346667
0.395556
0.42381
0.45641
0.494444
0.533333
0.58
0.62963
0.683333
0.633333
0.622222
0.606667
0.587879
0.577778
0.564103
0.547619
0.533333
0.506667
0.48
0.453333
0.431111
0.408889
0.382222
0.364444
0.346667
0.328889
0.315556
0.306667
0.293333
0.284444
0.284444
0.288889
0.297778
0.311111
0.324444
0.342222
0.364444
0.386667
0.413333
0.44
0.471111
0.506667
0.542222
0.577778
0.613333
0.635556
0.648889
0.657778
0.666667
0.671111
0.666667
0.662222
0.657778
0.648889
0.64
0.626667
0.608889
0.591111
0.573333
0.555556
0.546667
0.542222
0.533333
0.524444
0.52
0.515556
0.506667
0.497778
0.484444
0.471111
0.448889
0.426667
0.4
0.368889
0.337778
0.306667
0.275556
0.248889
0.222222
0.195556
0.168889
0.142222
0.115556
0.0933333
0.0711111
0.0577778
0.0444444
0.0355556
0.0311111
0.0266667
0.0222222
0.0177778
0.0177778
0.0266667
0.0444444
0.0711111
0.111111
0.164444
0.226667
0.288889
0.346667
0.4
0.428571
0.461538
0.5
0.545455
0.6
0.659259
0.716667
0.583333
0.585185
0.58
0.569697
0.566667
0.558974
0.547619
0.537778
0.52
0.502222
0.484444
0.471111
0.457778
0.44
0.426667
0.413333
0.395556
0.382222
0.373333
0.36
0.351111
0.351111
0.351111
0.355556
0.364444
0.373333
0.386667
0.404444
0.422222
0.444444
0.462222
0.484444
0.511111
0.537778
0.564444
0.591111
0.604444
0.617778
0.626667
0.635556
0.64
0.635556
0.631111
0.626667
0.617778
0.613333
0.604444
0.591111
0.577778
0.564444
0.551111
0.546667
0.542222
0.537778
0.533333
0.533333
0.533333
0.528889
0.524444
0.515556
0.506667
0.488889
0.471111
0.448889
0.422222
0.395556
0.368889
0.342222
0.315556
0.288889
0.262222
0.235556
0.208889
0.177778
0.151111
0.124444
0.106667
0.0888889
0.0755556
0.0666667
0.0577778
0.0488889
0.0444444
0.04
0.0444444
0.0577778
0.08
0.115556
0.168889
0.231111
0.297778
0.36
0.413333
0.442857
0.476923
0.516667
0.563636
0.613333
0.674074
0.733333
0.575
0.577778
0.573333
0.563636
0.566667
0.564103
0.557143
0.551111
0.542222
0.528889
0.515556
0.506667
0.497778
0.484444
0.475556
0.466667
0.453333
0.444444
0.44
0.426667
0.417778
0.417778
0.417778
0.422222
0.431111
0.44
0.448889
0.462222
0.475556
0.488889
0.497778
0.511111
0.528889
0.546667
0.564444
0.582222
0.591111
0.6
0.604444
0.608889
0.608889
0.604444
0.6
0.595556
0.591111
0.591111
0.586667
0.577778
0.568889
0.56
0.551111
0.546667
0.542222
0.537778
0.533333
0.537778
0.542222
0.542222
0.542222
0.537778
0.533333
0.52
0.506667
0.488889
0.466667
0.444444
0.422222
0.4
0.377778
0.355556
0.328889
0.302222
0.275556
0.244444
0.213333
0.182222
0.16
0.137778
0.12
0.106667
0.0977778
0.0888889
0.0844444
0.08
0.08
0.0888889
0.106667
0.137778
0.186667
0.248889
0.315556
0.377778
0.431111
0.461905
0.497436
0.533333
0.575758
0.62
0.674074
0.733333
0.575
0.577778
0.573333
0.563636
0.566667
0.564103
0.557143
0.555556
0.551111
0.542222
0.533333
0.528889
0.524444
0.515556
0.511111
0.506667
0.497778
0.493333
0.493333
0.484444
0.48
0.484444
0.484444
0.488889
0.497778
0.506667
0.511111
0.52
0.528889
0.537778
0.542222
0.551111
0.564444
0.577778
0.591111
0.604444
0.608889
0.613333
0.613333
0.613333
0.608889
0.604444
0.6
0.595556
0.591111
0.591111
0.586667
0.577778
0.568889
0.56
0.551111
0.546667
0.542222
0.537778
0.533333
0.537778
0.542222
0.546667
0.551111
0.551111
0.551111
0.542222
0.533333
0.52
0.502222
0.484444
0.466667
0.448889
0.431111
0.413333
0.391111
0.368889
0.342222
0.311111
0.28
0.248889
0.226667
0.204444
0.186667
0.173333
0.164444
0.155556
0.151111
0.146667
0.146667
0.151111
0.164444
0.191111
0.235556
0.293333
0.355556
0.408889
0.457778
0.485714
0.517949
0.55
0.587879
0.626667
0.674074
0.725
0.575
0.577778
0.573333
0.563636
0.566667
0.564103
0.557143
0.555556
0.551111
0.546667
0.542222
0.542222
0.542222
0.537778
0.537778
0.537778
0.533333
0.533333
0.537778
0.533333
0.533333
0.542222
0.546667
0.551111
0.555556
0.56
0.56
0.564444
0.568889
0.573333
0.573333
0.577778
0.586667
0.595556
0.604444
0.613333
0.613333
0.613333
0.613333
0.613333
0.608889
0.604444
0.6
0.595556
0.591111
0.591111
0.586667
0.577778
0.568889
0.56
0.551111
0.546667
0.542222
0.537778
0.533333
0.542222
0.551111
0.56
0.568889
0.573333
0.577778
0.573333
0.568889
0.56
0.546667
0.533333
0.52
0.506667
0.493333
0.48
0.457778
0.435556
0.408889
0.377778
0.346667
0.315556
0.293333
0.271111
0.253333
0.24
0.231111
0.222222
0.217778
0.213333
0.213333
0.217778
0.226667
0.248889
0.288889
0.342222
0.395556
0.44
0.48
0.504762
0.533333
0.561111
0.593939
0.626667
0.666667
0.708333
0.575
0.577778
0.573333
0.563636
0.566667
0.564103
0.557143
0.555556
0.551111
0.546667
0.542222
0.542222
0.542222
0.537778
0.537778
0.542222
0.542222
0.546667
0.555556
0.555556
0.56
0.568889
0.573333
0.577778
0.582222
0.586667
0.586667
0.591111
0.595556
0.6
0.595556
0.595556
0.6
0.604444
0.608889
0.613333
0.613333
0.613333
0.613333
0.613333
0.608889
0.604444
0.6
0.595556
0.591111
0.591111
0.586667
0.577778
0.568889
0.56
0.551111
0.546667
0.542222
0.537778
0.537778
0.551111
0.564444
0.577778
0.591111
0.6
0.608889
0.608889
0.608889
0.604444
0.595556
0.586667
0.577778
0.568889
0.56
0.546667
0.524444
0.502222
0.475556
0.444444
0.413333
0.382222
0.36
0.337778
0.32
0.306667
0.297778
0.288889
0.284444
0.28
0.28
0.284444
0.293333
0.311111
0.342222
0.386667
0.431111
0.466667
0.497778
0.519048
0.54359
0.566667
0.593939
0.62
0.651852
0.683333
0.55
0.555556
0.553333
0.545455
0.55
0.548718
0.542857
0.542222
0.537778
0.537778
0.537778
0.542222
0.542222
0.537778
0.537778
0.542222
0.542222
0.546667
0.555556
0.555556
0.56
0.568889
0.573333
0.577778
0.582222
0.586667
0.586667
0.591111
0.595556
0.6
0.595556
0.595556
0.595556
0.595556
0.595556
0.595556
0.591111
0.586667
0.582222
0.577778
0.568889
0.56
0.551111
0.542222
0.533333
0.528889
0.52
0.515556
0.511111
0.506667
0.502222
0.502222
0.502222
0.506667
0.515556
0.537778
0.56
0.582222
0.604444
0.622222
0.64
0.648889
0.653333
0.653333
0.648889
0.644444
0.64
0.635556
0.626667
0.613333
0.591111
0.568889
0.542222
0.511111
0.48
0.448889
0.426667
0.404444
0.386667
0.373333
0.364444
0.355556
0.351111
0.346667
0.346667
0.351111
0.36
0.373333
0.395556
0.431111
0.466667
0.493333
0.515556
0.533333
0.553846
0.572222
0.593939
0.613333
0.637037
0.658333
0.491667
0.503704
0.506667
0.50303
0.511111
0.512821
0.509524
0.511111
0.511111
0.515556
0.52
0.528889
0.533333
0.533333
0.537778
0.542222
0.542222
0.546667
0.555556
0.555556
0.56
0.568889
0.573333
0.577778
0.582222
0.586667
0.586667
0.591111
0.595556
0.604444
0.6
0.595556
0.591111
0.591111
0.586667
0.582222
0.573333
0.564444
0.555556
0.546667
0.533333
0.52
0.506667
0.493333
0.475556
0.466667
0.457778
0.453333
0.444444
0.44
0.435556
0.444444
0.453333
0.466667
0.484444
0.515556
0.546667
0.577778
0.608889
0.635556
0.662222
0.675556
0.684444
0.688889
0.688889
0.693333
0.688889
0.684444
0.675556
0.662222
0.64
0.617778
0.591111
0.56
0.528889
0.497778
0.48
0.462222
0.448889
0.44
0.431111
0.422222
0.417778
0.413333
0.413333
0.417778
0.426667
0.435556
0.448889
0.475556
0.502222
0.52
0.533333
0.547619
0.564103
0.577778
0.593939
0.606667
0.622222
0.633333
0.425
0.437037
0.446667
0.448485
0.461111
0.466667
0.466667
0.471111
0.475556
0.484444
0.493333
0.506667
0.515556
0.52
0.528889
0.537778
0.542222
0.546667
0.555556
0.555556
0.56
0.568889
0.573333
0.577778
0.582222
0.586667
0.591111
0.6
0.608889
0.617778
0.613333
0.608889
0.604444
0.604444
0.6
0.595556
0.586667
0.577778
0.568889
0.56
0.546667
0.528889
0.511111
0.493333
0.475556
0.466667
0.457778
0.453333
0.444444
0.44
0.435556
0.444444
0.453333
0.471111
0.493333
0.528889
0.564444
0.6
0.635556
0.662222
0.688889
0.702222
0.711111
0.715556
0.715556
0.72
0.715556
0.715556
0.706667
0.693333
0.671111
0.648889
0.622222
0.591111
0.564444
0.537778
0.524444
0.511111
0.502222
0.497778
0.493333
0.488889
0.484444
0.48
0.48
0.484444
0.488889
0.493333
0.502222
0.52
0.537778
0.546667
0.551111
0.561905
0.574359
0.583333
0.593939
0.6
0.607407
0.608333
0.358333
0.37037
0.38
0.387879
0.4
0.410256
0.414286
0.422222
0.431111
0.444444
0.457778
0.475556
0.488889
0.497778
0.511111
0.524444
0.533333
0.542222
0.551111
0.555556
0.56
0.568889
0.573333
0.577778
0.586667
0.595556
0.6
0.608889
0.617778
0.626667
0.622222
0.617778
0.613333
0.613333
0.608889
0.604444
0.595556
0.586667
0.577778
0.564444
0.546667
0.528889
0.511111
0.493333
0.475556
0.466667
0.457778
0.453333
0.444444
0.44
0.435556
0.444444
0.453333
0.471111
0.493333
0.528889
0.564444
0.604444
0.64
0.666667
0.693333
0.706667
0.715556
0.72
0.72
0.724444
0.72
0.72
0.711111
0.702222
0.684444
0.666667
0.64
0.613333
0.591111
0.568889
0.56
0.551111
0.546667
0.546667
0.546667
0.546667
0.546667
0.546667
0.546667
0.546667
0.546667
0.546667
0.551111
0.564444
0.573333
0.573333
0.568889
0.57619
0.584615
0.588889
0.593939
0.593333
0.592593
0.583333
0.3
0.311111
0.32
0.327273
0.338889
0.348718
0.357143
0.368889
0.377778
0.395556
0.413333
0.435556
0.453333
0.466667
0.484444
0.502222
0.515556
0.528889
0.542222
0.551111
0.56
0.568889
0.573333
0.577778
0.586667
0.595556
0.6
0.608889
0.617778
0.626667
0.622222
0.617778
0.613333
0.613333
0.608889
0.604444
0.595556
0.586667
0.577778
0.564444
0.546667
0.528889
0.511111
0.493333
0.475556
0.466667
0.457778
0.453333
0.444444
0.44
0.435556
0.444444
0.453333
0.471111
0.493333
0.528889
0.564444
0.6
0.631111
0.657778
0.684444
0.697778
0.706667
0.711111
0.711111
0.715556
0.711111
0.711111
0.702222
0.693333
0.68
0.666667
0.648889
0.631111
0.613333
0.595556
0.591111
0.586667
0.586667
0.591111
0.595556
0.6
0.6
0.6
0.6
0.595556
0.591111
0.586667
0.586667
0.591111
0.591111
0.582222
0.568889
0.571429
0.574359
0.572222
0.569697
0.566667
0.562963
0.55
0.25
0.259259
0.266667
0.272727
0.283333
0.292308
0.3
0.311111
0.315556
0.333333
0.355556
0.377778
0.4
0.417778
0.44
0.462222
0.48
0.497778
0.515556
0.528889
0.542222
0.551111
0.56
0.568889
0.577778
0.586667
0.595556
0.604444
0.613333
0.622222
0.617778
0.613333
0.608889
0.608889
0.604444
0.6
0.595556
0.586667
0.577778
0.564444
0.546667
0.528889
0.511111
0.493333
0.475556
0.466667
0.457778
0.453333
0.444444
0.44
0.435556
0.444444
0.453333
0.471111
0.493333
0.528889
0.56
0.591111
0.617778
0.64
0.662222
0.675556
0.684444
0.688889
0.688889
0.693333
0.688889
0.688889
0.68
0.671111
0.657778
0.648889
0.635556
0.626667
0.617778
0.608889
0.608889
0.608889
0.613333
0.622222
0.631111
0.64
0.644444
0.644444
0.644444
0.64
0.635556
0.631111
0.622222
0.617778
0.608889
0.591111
0.568889
0.566667
0.564103
0.555556
0.545455
0.533333
0.525926
0.508333
0.208333
0.214815
0.22
0.224242
0.233333
0.241026
0.247619
0.257778
0.257778
0.271111
0.288889
0.311111
0.333333
0.351111
0.373333
0.395556
0.413333
0.431111
0.448889
0.462222
0.48
0.493333
0.506667
0.52
0.533333
0.546667
0.56
0.573333
0.586667
0.6
0.6
0.6
0.6
0.604444
0.604444
0.6
0.595556
0.586667
0.577778
0.564444
0.546667
0.528889
0.511111
0.493333
0.475556
0.466667
0.457778
0.453333
0.444444
0.44
0.435556
0.444444
0.453333
0.471111
0.488889
0.52
0.546667
0.573333
0.595556
0.613333
0.631111
0.644444
0.653333
0.657778
0.657778
0.662222
0.657778
0.657778
0.648889
0.644444
0.635556
0.631111
0.622222
0.617778
0.613333
0.608889
0.608889
0.608889
0.617778
0.631111
0.644444
0.657778
0.666667
0.671111
0.671111
0.666667
0.662222
0.653333
0.64
0.631111
0.617778
0.595556
0.568889
0.561905
0.553846
0.538889
0.521212
0.5
0.481481
0.458333
0.183333
0.185185
0.186667
0.187879
0.194444
0.2
0.204762
0.213333
0.208889
0.217778
0.231111
0.248889
0.266667
0.284444
0.306667
0.328889
0.346667
0.364444
0.382222
0.4
0.422222
0.44
0.457778
0.475556
0.493333
0.511111
0.528889
0.546667
0.564444
0.582222
0.586667
0.591111
0.595556
0.604444
0.604444
0.6
0.595556
0.586667
0.577778
0.564444
0.546667
0.528889
0.511111
0.493333
0.475556
0.466667
0.457778
0.453333
0.444444
0.44
0.435556
0.444444
0.453333
0.466667
0.48
0.506667
0.528889
0.551111
0.568889
0.582222
0.595556
0.604444
0.608889
0.613333
0.613333
0.617778
0.613333
0.613333
0.608889
0.608889
0.604444
0.604444
0.6
0.6
0.6
0.6
0.604444
0.608889
0.622222
0.64
0.657778
0.675556
0.688889
0.697778
0.702222
0.697778
0.688889
0.675556
0.657778
0.644444
0.626667
0.6
0.568889
0.557143
0.54359
0.522222
0.49697
0.466667
0.437037
0.4
0.15
0.148148
0.146667
0.145455
0.15
0.153846
0.157143
0.164444
0.155556
0.16
0.168889
0.182222
0.2
0.217778
0.24
0.262222
0.28
0.297778
0.315556
0.337778
0.364444
0.386667
0.408889
0.431111
0.453333
0.475556
0.497778
0.515556
0.533333
0.551111
0.555556
0.56
0.564444
0.573333
0.568889
0.56
0.555556
0.546667
0.537778
0.524444
0.511111
0.497778
0.488889
0.48
0.471111
0.471111
0.471111
0.471111
0.466667
0.466667
0.466667
0.475556
0.48
0.488889
0.497778
0.515556
0.528889
0.542222
0.551111
0.555556
0.56
0.56
0.56
0.56
0.56
0.564444
0.56
0.564444
0.564444
0.568889
0.568889
0.573333
0.573333
0.577778
0.582222
0.586667
0.595556
0.604444
0.622222
0.64
0.662222
0.684444
0.702222
0.715556
0.724444
0.72
0.706667
0.688889
0.666667
0.648889
0.626667
0.595556
0.56
0.547619
0.533333
0.505556
0.472727
0.433333
0.392593
0.341667
0.166667
0.155556
0.146667
0.139394
0.138889
0.138462
0.138095
0.142222
0.128889
0.124444
0.124444
0.128889
0.137778
0.155556
0.173333
0.195556
0.213333
0.231111
0.253333
0.28
0.311111
0.337778
0.364444
0.391111
0.417778
0.444444
0.466667
0.484444
0.502222
0.52
0.524444
0.528889
0.533333
0.537778
0.528889
0.515556
0.511111
0.502222
0.493333
0.48
0.466667
0.457778
0.457778
0.457778
0.457778
0.466667
0.475556
0.48
0.484444
0.488889
0.493333
0.497778
0.497778
0.502222
0.506667
0.52
0.528889
0.533333
0.533333
0.528889
0.524444
0.515556
0.511111
0.502222
0.497778
0.497778
0.493333
0.497778
0.497778
0.502222
0.502222
0.506667
0.511111
0.52
0.528889
0.537778
0.551111
0.564444
0.586667
0.608889
0.635556
0.666667
0.693333
0.715556
0.728889
0.728889
0.72
0.702222
0.68
0.657778
0.631111
0.595556
0.555556
0.542857
0.528205
0.5
0.460606
0.413333
0.362963
0.308333
0.225
0.2
0.18
0.163636
0.155556
0.148718
0.142857
0.142222
0.12
0.106667
0.0977778
0.0933333
0.0933333
0.102222
0.111111
0.128889
0.146667
0.168889
0.195556
0.226667
0.262222
0.293333
0.324444
0.351111
0.377778
0.404444
0.426667
0.444444
0.462222
0.48
0.488889
0.497778
0.502222
0.506667
0.497778
0.484444
0.48
0.471111
0.466667
0.457778
0.448889
0.444444
0.448889
0.453333
0.457778
0.466667
0.475556
0.48
0.484444
0.488889
0.493333
0.497778
0.497778
0.497778
0.497778
0.506667
0.511111
0.511111
0.506667
0.497778
0.488889
0.475556
0.466667
0.453333
0.444444
0.44
0.431111
0.431111
0.431111
0.435556
0.435556
0.44
0.444444
0.457778
0.471111
0.484444
0.502222
0.52
0.546667
0.573333
0.604444
0.644444
0.675556
0.702222
0.72
0.724444
0.72
0.706667
0.684444
0.662222
0.635556
0.595556
0.555556
0.542857
0.528205
0.5
0.454545
0.406667
0.355556
0.3
0.283333
0.251852
0.226667
0.206061
0.188889
0.174359
0.161905
0.155556
0.128889
0.106667
0.0888889
0.0755556
0.0666667
0.0666667
0.0666667
0.0755556
0.0888889
0.111111
0.137778
0.173333
0.213333
0.248889
0.28
0.306667
0.333333
0.36
0.382222
0.4
0.417778
0.44
0.453333
0.466667
0.471111
0.475556
0.466667
0.453333
0.448889
0.444444
0.444444
0.44
0.435556
0.435556
0.444444
0.453333
0.457778
0.466667
0.475556
0.48
0.484444
0.488889
0.493333
0.497778
0.497778
0.497778
0.497778
0.502222
0.502222
0.497778
0.488889
0.475556
0.462222
0.444444
0.431111
0.413333
0.4
0.391111
0.377778
0.373333
0.368889
0.368889
0.368889
0.373333
0.377778
0.391111
0.408889
0.426667
0.448889
0.471111
0.502222
0.533333
0.564444
0.604444
0.64
0.671111
0.693333
0.702222
0.702222
0.693333
0.675556
0.653333
0.626667
0.591111
0.555556
0.542857
0.528205
0.505556
0.466667
0.42
0.37037
0.316667
0.333333
0.296296
0.266667
0.242424
0.222222
0.205128
0.190476
0.177778
0.146667
0.12
0.0933333
0.0711111
0.0533333
0.0444444
0.0355556
0.0355556
0.0488889
0.0711111
0.0977778
0.133333
0.173333
0.204444
0.235556
0.262222
0.288889
0.315556
0.342222
0.364444
0.386667
0.413333
0.431111
0.444444
0.448889
0.453333
0.444444
0.431111
0.431111
0.431111
0.435556
0.435556
0.435556
0.435556
0.444444
0.453333
0.457778
0.466667
0.475556
0.48
0.484444
0.488889
0.493333
0.497778
0.497778
0.497778
0.497778
0.502222
0.502222
0.493333
0.48
0.462222
0.444444
0.422222
0.404444
0.382222
0.364444
0.351111
0.333333
0.324444
0.315556
0.311111
0.306667
0.306667
0.311111
0.324444
0.342222
0.36
0.382222
0.404444
0.435556
0.466667
0.497778
0.537778
0.573333
0.608889
0.635556
0.648889
0.653333
0.648889
0.635556
0.617778
0.595556
0.568889
0.542222
0.533333
0.523077
0.505556
0.472727
0.433333
0.385185
0.333333
0.375
0.340741
0.306667
0.278788
0.255556
0.235897
0.219048
0.204444
0.173333
0.142222
0.111111
0.08
0.0533333
0.0355556
0.0177778
0.0133333
0.0222222
0.0444444
0.0711111
0.106667
0.142222
0.168889
0.195556
0.222222
0.253333
0.284444
0.315556
0.342222
0.368889
0.4
0.417778
0.431111
0.435556
0.44
0.431111
0.422222
0.426667
0.431111
0.435556
0.435556
0.435556
0.435556
0.444444
0.453333
0.457778
0.466667
0.475556
0.48
0.484444
0.488889
0.493333
0.497778
0.497778
0.497778
0.497778
0.497778
0.493333
0.48
0.462222
0.44
0.417778
0.391111
0.368889
0.342222
0.32
0.302222
0.28
0.266667
0.253333
0.244444
0.24
0.24
0.244444
0.257778
0.275556
0.293333
0.315556
0.337778
0.368889
0.4
0.431111
0.471111
0.506667
0.542222
0.573333
0.591111
0.6
0.6
0.591111
0.577778
0.564444
0.546667
0.528889
0.52381
0.517949
0.505556
0.478788
0.446667
0.407407
0.358333
0.408333
0.377778
0.346667
0.315152
0.288889
0.266667
0.247619
0.231111
0.2
0.168889
0.137778
0.106667
0.0755556
0.0533333
0.0355556
0.0266667
0.0311111
0.0488889
0.0755556
0.106667
0.137778
0.164444
0.191111
0.217778
0.248889
0.28
0.311111
0.337778
0.364444
0.391111
0.408889
0.422222
0.426667
0.431111
0.426667
0.422222
0.426667
0.431111
0.435556
0.435556
0.435556
0.435556
0.444444
0.453333
0.457778
0.466667
0.475556
0.48
0.484444
0.488889
0.493333
0.497778
0.497778
0.497778
0.493333
0.488889
0.48
0.462222
0.44
0.413333
0.386667
0.355556
0.328889
0.297778
0.271111
0.248889
0.222222
0.204444
0.186667
0.177778
0.173333
0.173333
0.177778
0.191111
0.208889
0.226667
0.248889
0.271111
0.302222
0.333333
0.364444
0.404444
0.44
0.475556
0.506667
0.528889
0.542222
0.546667
0.546667
0.542222
0.537778
0.528889
0.52
0.519048
0.517949
0.511111
0.490909
0.466667
0.437037
0.4
0.433333
0.407407
0.38
0.351515
0.327778
0.307692
0.290476
0.275556
0.248889
0.222222
0.195556
0.168889
0.142222
0.12
0.102222
0.0933333
0.0977778
0.115556
0.137778
0.164444
0.191111
0.213333
0.235556
0.257778
0.284444
0.311111
0.337778
0.36
0.382222
0.404444
0.417778
0.426667
0.426667
0.431111
0.426667
0.422222
0.426667
0.431111
0.435556
0.435556
0.435556
0.435556
0.444444
0.453333
0.457778
0.466667
0.475556
0.48
0.484444
0.488889
0.493333
0.497778
0.497778
0.493333
0.484444
0.475556
0.462222
0.44
0.413333
0.382222
0.351111
0.315556
0.284444
0.248889
0.217778
0.191111
0.16
0.137778
0.12
0.111111
0.106667
0.106667
0.111111
0.124444
0.142222
0.16
0.182222
0.204444
0.235556
0.266667
0.297778
0.337778
0.373333
0.408889
0.44
0.462222
0.48
0.493333
0.502222
0.506667
0.511111
0.511111
0.511111
0.514286
0.517949
0.516667
0.50303
0.486667
0.466667
0.441667
0.45
0.42963
0.406667
0.381818
0.361111
0.34359
0.328571
0.315556
0.293333
0.271111
0.248889
0.226667
0.204444
0.186667
0.168889
0.16
0.164444
0.177778
0.195556
0.217778
0.24
0.257778
0.275556
0.293333
0.315556
0.337778
0.36
0.377778
0.395556
0.408889
0.417778
0.422222
0.422222
0.422222
0.417778
0.413333
0.417778
0.422222
0.426667
0.426667
0.426667
0.426667
0.435556
0.444444
0.453333
0.462222
0.471111
0.475556
0.484444
0.488889
0.493333
0.493333
0.488889
0.48
0.466667
0.453333
0.435556
0.408889
0.377778
0.342222
0.306667
0.271111
0.24
0.204444
0.173333
0.142222
0.111111
0.0888889
0.0711111
0.0622222
0.0577778
0.0577778
0.0622222
0.0755556
0.0933333
0.111111
0.128889
0.146667
0.173333
0.2
0.231111
0.271111
0.306667
0.342222
0.373333
0.395556
0.413333
0.435556
0.448889
0.462222
0.475556
0.484444
0.493333
0.5
0.507692
0.511111
0.50303
0.493333
0.481481
0.466667
0.458333
0.444444
0.426667
0.406061
0.388889
0.374359
0.361905
0.351111
0.333333
0.315556
0.297778
0.28
0.262222
0.248889
0.235556
0.226667
0.231111
0.24
0.253333
0.271111
0.288889
0.302222
0.315556
0.328889
0.346667
0.364444
0.377778
0.386667
0.395556
0.4
0.4
0.395556
0.391111
0.386667
0.377778
0.368889
0.368889
0.368889
0.368889
0.364444
0.36
0.36
0.368889
0.377778
0.386667
0.395556
0.404444
0.408889
0.417778
0.422222
0.426667
0.426667
0.422222
0.413333
0.4
0.386667
0.368889
0.342222
0.311111
0.28
0.248889
0.217778
0.191111
0.16
0.133333
0.106667
0.08
0.0577778
0.04
0.0311111
0.0266667
0.0266667
0.0311111
0.0444444
0.0577778
0.0711111
0.0844444
0.0977778
0.12
0.142222
0.168889
0.204444
0.24
0.275556
0.306667
0.328889
0.351111
0.377778
0.395556
0.413333
0.435556
0.453333
0.471111
0.480952
0.492308
0.5
0.49697
0.493333
0.488889
0.483333
0.466667
0.459259
0.446667
0.430303
0.416667
0.405128
0.395238
0.386667
0.373333
0.36
0.346667
0.333333
0.32
0.311111
0.302222
0.293333
0.293333
0.297778
0.306667
0.32
0.333333
0.342222
0.351111
0.36
0.368889
0.377778
0.382222
0.382222
0.382222
0.377778
0.368889
0.36
0.351111
0.342222
0.328889
0.315556
0.311111
0.306667
0.302222
0.297778
0.293333
0.293333
0.302222
0.311111
0.32
0.328889
0.337778
0.342222
0.351111
0.355556
0.36
0.36
0.355556
0.346667
0.333333
0.32
0.302222
0.275556
0.248889
0.222222
0.195556
0.168889
0.146667
0.12
0.0977778
0.0755556
0.0533333
0.0355556
0.0222222
0.0133333
0.00888889
0.00888889
0.0133333
0.0222222
0.0311111
0.04
0.0488889
0.0577778
0.0755556
0.0933333
0.115556
0.146667
0.177778
0.208889
0.24
0.266667
0.293333
0.324444
0.346667
0.368889
0.395556
0.417778
0.44
0.452381
0.466667
0.477778
0.478788
0.48
0.481481
0.483333
0.458333
0.451852
0.446667
0.436364
0.427778
0.420513
0.414286
0.408889
0.404444
0.395556
0.386667
0.377778
0.368889
0.364444
0.36
0.351111
0.351111
0.351111
0.355556
0.364444
0.373333
0.377778
0.382222
0.382222
0.382222
0.382222
0.377778
0.368889
0.36
0.346667
0.333333
0.32
0.306667
0.293333
0.275556
0.257778
0.248889
0.24
0.235556
0.231111
0.226667
0.226667
0.235556
0.244444
0.253333
0.262222
0.271111
0.275556
0.284444
0.288889
0.293333
0.293333
0.288889
0.28
0.266667
0.253333
0.235556
0.213333
0.191111
0.168889
0.146667
0.124444
0.106667
0.0844444
0.0666667
0.0488889
0.0311111
0.0177778
0.00888889
0.00444444
0
0
0
0.00444444
0.00888889
0.0133333
0.0177778
0.0222222
0.0355556
0.0488889
0.0666667
0.0933333
0.124444
0.155556
0.186667
0.217778
0.248889
0.284444
0.311111
0.337778
0.368889
0.395556
0.422222
0.438095
0.45641
0.472222
0.478788
0.48
0.481481
0.483333
0.441667
0.437037
0.433333
0.430303
0.427778
0.425641
0.42381
0.422222
0.426667
0.426667
0.422222
0.417778
0.413333
0.413333
0.408889
0.4
0.4
0.4
0.4
0.404444
0.408889
0.408889
0.404444
0.395556
0.386667
0.377778
0.364444
0.346667
0.328889
0.311111
0.293333
0.275556
0.257778
0.24
0.217778
0.195556
0.182222
0.173333
0.168889
0.164444
0.16
0.16
0.168889
0.177778
0.186667
0.195556
0.204444
0.208889
0.217778
0.222222
0.226667
0.226667
0.222222
0.213333
0.2
0.186667
0.173333
0.155556
0.137778
0.12
0.102222
0.0844444
0.0711111
0.0533333
0.04
0.0266667
0.0133333
0.00444444
0
0
0
0
0
0
0
0
0
0
0.00888889
0.0177778
0.0311111
0.0533333
0.08
0.111111
0.142222
0.173333
0.204444
0.24
0.271111
0.302222
0.337778
0.368889
0.4
0.419048
0.441026
0.461111
0.472727
0.48
0.481481
0.483333
0.416667
0.414815
0.413333
0.418182
0.422222
0.425641
0.428571
0.431111
0.444444
0.453333
0.457778
0.457778
0.457778
0.462222
0.457778
0.448889
0.448889
0.448889
0.444444
0.444444
0.44
0.431111
0.417778
0.4
0.382222
0.364444
0.342222
0.315556
0.288889
0.266667
0.244444
0.222222
0.2
0.177778
0.151111
0.128889
0.115556
0.106667
0.102222
0.0977778
0.0933333
0.0933333
0.102222
0.111111
0.12
0.128889
0.137778
0.142222
0.151111
0.155556
0.16
0.16
0.155556
0.146667
0.137778
0.128889
0.12
0.106667
0.0933333
0.08
0.0666667
0.0533333
0.0444444
0.0311111
0.0222222
0.0133333
0.00444444
0
0
0
0
0
0
0
0
0
0
0
0.00444444
0.00888889
0.0177778
0.0355556
0.0577778
0.0844444
0.115556
0.146667
0.177778
0.213333
0.244444
0.275556
0.311111
0.342222
0.373333
0.395238
0.420513
0.444444
0.460606
0.473333
0.481481
0.483333
0.375
0.377778
0.38
0.387879
0.394444
0.4
0.404762
0.408889
0.426667
0.44
0.448889
0.453333
0.457778
0.462222
0.457778
0.448889
0.448889
0.448889
0.444444
0.44
0.431111
0.417778
0.4
0.377778
0.355556
0.333333
0.306667
0.275556
0.244444
0.217778
0.191111
0.164444
0.137778
0.111111
0.0844444
0.0622222
0.0488889
0.04
0.0355556
0.0311111
0.0266667
0.0266667
0.0355556
0.0444444
0.0533333
0.0622222
0.0711111
0.0755556
0.0844444
0.0888889
0.0933333
0.0933333
0.0888889
0.0844444
0.08
0.0755556
0.0711111
0.0622222
0.0533333
0.0444444
0.0355556
0.0266667
0.0222222
0.0133333
0.00888889
0.00444444
0
0
0
0
0
0
0
0
0
0
0
0
0
0
0.00444444
0.0177778
0.0355556
0.0577778
0.0844444
0.115556
0.146667
0.182222
0.213333
0.244444
0.28
0.311111
0.342222
0.366667
0.394872
0.422222
0.442424
0.46
0.474074
0.483333
0.341667
0.348148
0.353333
0.363636
0.372222
0.379487
0.385714
0.391111
0.413333
0.431111
0.444444
0.453333
0.457778
0.462222
0.457778
0.448889
0.448889
0.448889
0.444444
0.435556
0.422222
0.404444
0.382222
0.355556
0.328889
0.302222
0.271111
0.24
0.208889
0.182222
0.155556
0.128889
0.102222
0.0755556
0.0533333
0.0355556
0.0222222
0.0133333
0.00888889
0.00444444
0
0
0.00444444
0.00888889
0.0133333
0.0177778
0.0222222
0.0222222
0.0266667
0.0266667
0.0266667
0.0266667
0.0266667
0.0266667
0.0266667
0.0266667
0.0266667
0.0222222
0.0177778
0.0133333
0.00888889
0.00444444
0.00444444
0
0
0
0
0
0
0
0
0
0
0
0
0
0
0
0
0
0
0.00888889
0.0222222
0.04
0.0622222
0.0888889
0.12
0.155556
0.186667
0.217778
0.253333
0.284444
0.315556
0.338095
0.364103
0.394444
0.418182
0.44
0.459259
0.475
0.3
0.311111
0.32
0.333333
0.344444
0.353846
0.361905
0.368889
0.395556
0.417778
0.435556
0.448889
0.457778
0.462222
0.457778
0.448889
0.448889
0.448889
0.44
0.426667
0.408889
0.386667
0.36
0.328889
0.297778
0.266667
0.235556
0.204444
0.173333
0.146667
0.12
0.0933333
0.0666667
0.0444444
0.0266667
0.0133333
0.00444444
0
0
0
0
0
0
0
0
0
0
0
0
0
0
0
0
0
0
0
0
0
0
0
0
0
0
0
0
0
0
0
0
0
0
0
0
0
0
0
0
0
0
0
0
0.00444444
0.0133333
0.0266667
0.0444444
0.0666667
0.0933333
0.124444
0.151111
0.182222
0.217778
0.248889
0.28
0.3
0.323077
0.35
0.375758
0.4
0.422222
0.441667
0.241667
0.259259
0.273333
0.290909
0.305556
0.317949
0.328571
0.337778
0.368889
0.395556
0.417778
0.435556
0.448889
0.457778
0.457778
0.448889
0.448889
0.444444
0.431111
0.413333
0.391111
0.364444
0.333333
0.302222
0.271111
0.24
0.208889
0.177778
0.146667
0.12
0.0933333
0.0666667
0.0444444
0.0266667
0.0133333
0.00444444
0
0
0
0
0
0
0
0
0
0
0
0
0
0
0
0
0
0
0
0
0
0
0
0
0
0
0
0
0
0
0
0
0
0
0
0
0
0
0
0
0
0
0
0
0
0
0.00444444
0.0133333
0.0266667
0.0444444
0.0666667
0.0933333
0.115556
0.142222
0.173333
0.204444
0.235556
0.252381
0.271795
0.294444
0.321212
0.346667
0.37037
0.391667
0.183333
0.207407
0.226667
0.248485
0.266667
0.282051
0.295238
0.306667
0.337778
0.368889
0.395556
0.417778
0.435556
0.448889
0.453333
0.448889
0.448889
0.44
0.422222
0.4
0.373333
0.342222
0.311111
0.28
0.248889
0.217778
0.186667
0.155556
0.124444
0.0977778
0.0711111
0.0444444
0.0266667
0.0133333
0.00444444
0
0
0
0
0
0
0
0
0
0
0
0
0
0
0
0
0
0
0
0
0
0
0
0
0
0
0
0
0
0
0
0
0
0
0
0
0
0
0
0
0
0
0
0
0
0
0
0
0.00444444
0.0133333
0.0266667
0.0444444
0.0666667
0.0844444
0.106667
0.133333
0.16
0.186667
0.2
0.215385
0.233333
0.254545
0.28
0.303704
0.325
0.133333
0.162963
0.186667
0.212121
0.233333
0.251282
0.266667
0.28
0.311111
0.342222
0.373333
0.4
0.422222
0.44
0.448889
0.448889
0.444444
0.431111
0.408889
0.382222
0.351111
0.32
0.288889
0.257778
0.226667
0.195556
0.164444
0.133333
0.102222
0.0755556
0.0488889
0.0266667
0.0133333
0.00444444
0
0
0
0
0
0
0
0
0
0
0
0
0
0
0
0
0
0
0
0
0
0
0
0
0
0
0
0
0
0
0
0
0
0
0
0
0
0
0
0
0
0
0
0
0
0
0
0
0
0
0.00444444
0.0133333
0.0266667
0.0444444
0.0577778
0.0755556
0.0977778
0.12
0.142222
0.152381
0.164103
0.177778
0.193939
0.213333
0.237037
0.258333
0.0916667
0.118519
0.146667
0.175758
0.2
0.220513
0.238095
0.253333
0.284444
0.315556
0.346667
0.377778
0.404444
0.426667
0.44
0.44
0.435556
0.417778
0.391111
0.36
0.328889
0.297778
0.266667
0.235556
0.204444
0.173333
0.142222
0.111111
0.08
0.0533333
0.0311111
0.0133333
0.00444444
0
0
0
0
0
0
0
0
0
0
0
0
0
0
0
0
0
0
0
0
0
0
0
0
0
0
0
0
0
0
0
0
0
0
0
0
0
0
0
0
0
0
0
0
0
0
0
0
0
0
0
0
0.00444444
0.0133333
0.0266667
0.0355556
0.0488889
0.0666667
0.0844444
0.102222
0.109524
0.117949
0.127778
0.139394
0.153333
0.17037
0.191667
0.0583333
0.0814815
0.106667
0.139394
0.166667
0.189744
0.209524
0.226667
0.257778
0.288889
0.32
0.351111
0.382222
0.408889
0.422222
0.422222
0.417778
0.4
0.368889
0.337778
0.306667
0.275556
0.244444
0.213333
0.182222
0.151111
0.12
0.0888889
0.0577778
0.0355556
0.0177778
0.00444444
0
0
0
0
0
0
0
0
0
0
0
0
0
0
0
0
0
0
0
0
0
0
0
0
0
0
0
0
0
0
0
0
0
0
0
0
0
0
0
0
0
0
0
0
0
0
0
0
0
0
0
0
0
0
0.00444444
0.0133333
0.0177778
0.0266667
0.04
0.0533333
0.0666667
0.0714286
0.0769231
0.0833333
0.0909091
0.1
0.111111
0.125
0.0333333
0.0518519
0.0733333
0.10303
0.127778
0.148718
0.166667
0.182222
0.208889
0.235556
0.262222
0.288889
0.315556
0.342222
0.355556
0.355556
0.351111
0.333333
0.306667
0.28
0.253333
0.226667
0.2
0.173333
0.146667
0.12
0.0933333
0.0666667
0.04
0.0222222
0.00888889
0
0
0
0
0
0
0
0
0
0
0
0
0
0
0
0
0
0
0
0
0
0
0
0
0
0
0
0
0
0
0
0
0
0
0
0
0
0
0
0
0
0
0
0
0
0
0
0
0
0
0
0
0
0
0
0
0.00444444
0.00444444
0.00888889
0.0177778
0.0266667
0.0355556
0.0380952
0.0410256
0.0444444
0.0484848
0.0533333
0.0592593
0.0666667
0.0166667
0.0296296
0.0466667
0.0727273
0.0944444
0.112821
0.128571
0.142222
0.164444
0.186667
0.208889
0.231111
0.253333
0.275556
0.288889
0.288889
0.284444
0.271111
0.248889
0.226667
0.204444
0.182222
0.16
0.137778
0.115556
0.0933333
0.0711111
0.0488889
0.0266667
0.0133333
0.00444444
0
0
0
0
0
0
0
0
0
0
0
0
0
0
0
0
0
0
0
0
0
0
0
0
0
0
0
0
0
0
0
0
0
0
0
0
0
0
0
0
0
0
0
0
0
0
0
0
0
0
0
0
0
0
0
0
0
0
0
0.00444444
0.00888889
0.0133333
0.0142857
0.0153846
0.0166667
0.0181818
0.02
0.0222222
0.025
0.00892857
0.015873
0.0285714
0.0519481
0.0714286
0.0879121
0.102041
0.114286
0.133333
0.152381
0.171429
0.190476
0.209524
0.228571
0.238095
0.238095
0.233333
0.22381
0.204762
0.185714
0.166667
0.147619
0.128571
0.109524
0.0904762
0.0714286
0.052381
0.0333333
0.0142857
0.0047619
0
0
0
0
0
0
0
0
0
0
0
0
0
0
0
0
0
0
0
0
0
0
0
0
0
0
0
0
0
0
0
0
0
0
0
0
0
0
0
0
0
0
0
0
0
0
0
0
0
0
0
0
0
0
0
0
0
0
0
0
0
0
0
0
0
0
0
0
0
0
0
0
0.00769231
0.027972
0.0448718
0.0591716
0.0714286
0.0820513
0.0974359
0.112821
0.128205
0.14359
0.158974
0.174359
0.179487
0.179487
0.179487
0.174359
0.158974
0.14359
0.128205
0.112821
0.0974359
0.0820513
0.0666667
0.0512821
0.0358974
0.0205128
0.00512821
0
0
0
0
0
0
0
0
0
0
0
0
0
0
0
0
0
0
0
0
0
0
0
0
0
0
0
0
0
0
0
0
0
0
0
0
0
0
0
0
0
0
0
0
0
0
0
0
0
0
0
0
0
0
0
0
0
0
0
0
0
0
0
0
0
0
0
0
0
0
0
0
0
0
0.0151515
0.0277778
0.0384615
0.047619
0.0555556
0.0666667
0.0777778
0.0888889
0.1
0.111111
0.122222
0.122222
0.122222
0.122222
0.122222
0.111111
0.1
0.0888889
0.0777778
0.0666667
0.0555556
0.0444444
0.0333333
0.0222222
0.0111111
0
0
0
0
0
0
0
0
0
0
0
0
0
0
0
0
0
0
0
0
0
0
0
0
0
0
0
0
0
0
0
0
0
0
0
0
0
0
0
0
0
0
0
0
0
0
0
0
0
0
0
0
0
0
0
0
0
0
0
0
0
0
0
0
0
0
0
0
0
0
0
0
0
0
0
0.00826446
0.0151515
0.020979
0.025974
0.030303
0.0363636
0.0424242
0.0484848
0.0545455
0.0606061
0.0666667
0.0666667
0.0666667
0.0666667
0.0666667
0.0606061
0.0545455
0.0484848
0.0424242
0.0363636
0.030303
0.0242424
0.0181818
0.0121212
0.00606061
0
0
0
0
0
0
0
0
0
0
0
0
0
0
0
0
0
0
0
0
0
0
0
0
0
0
0
0
0
0
0
0
0
0
0
0
0
0
0
0
0
0
0
0
0
0
0
0
0
0
0
0
0
0
0
0
0
0
0
0
0
0
0
0
0
0
0
0
0
0
0
0
0
0
0
0
0
0
0
0
0
0
0
0
0
0
0
0
0
0
0
0
0
0
0
0
0
0
0
0
0
0
0
0
0
0
0
0
0
0
0
0
0
0
0
0
0
0
0
0
0
0
0
0
0
0
0
0
0
0
0
0
0
0
0
0
0
0
0
0
0
0
0
0
0
0
0
0
0
0
0
0
0
0
0
0
0
0
0
0
0
0
0
0
0
0
0
0
0
0
0
0
0
0
0
0
0
0
0
0
0
0
0
0
0
0
0
0
0
0
0
0
0
0
0
0
0
0
0
0
0
0
0
0
0
0
0
0
0
0
0
0
0
0
0
0
0
0
0
0
0
0
0
0
0
0
0
0
0
0
0
0
0
0
0
0
0
0
0
0
0
0
0
0
0
0
0
0
0
0
0
0
0
0
0
0
0
0
0
0
0
0
0
0
0
0
0
0
0
0
0
0
0
0
0
0
0
0
0
0
0
0
0
0
0
0
0
0
0
0
0
0
0
0
0
0
0
0
0
0
0
0
0
0
0
0
0
0
0
0
0
0
0
0
0
0
0
0
0
0
0
0
0
0
0
0
0
0
0
0
0
0
0
0
0
0
0
0
0
0
0
0
0
0
0
0
0
0
0
0
0
0
0
0
0
0
0
0
0
0
0
0
0
0
0
0
0
0
0
0
0
0
